1 2 2 2 1 0 0 0 1
1 2 2 0 0 0 0 1 0
1 2 2 0 50 50 50 50 0
1 1 2 0 0 0 0 1 0
1 2 2 1 0 0 0 0 0
1 2 2 0 0 0 0 0 0
1 2 2 4 0 0 0 0 1
1 2 2 1 0 0 48 2 0
1 2 2 2 0 0 0 0 1
0 0 2 0 0 0 0 2 0
1 2 2 1 50 50 50 50 0
1 2 2 3 0 0 0 0 1
1 1 2 0 0 0 0 0 0
1 2 2 0 0 0 5 1 0
1 2 2 0 0 0 0 0 0
1 2 2 0 0 0 0 0 0
1 1 2 0 0 0 0 0 0
1 2 2 2 0 0 0 1 1
1 2 2 1 0 0 0 1 0
1 2 2 0 0 0 0 0 0
1 2 2 0 0 0 0 0 0
1 2 2 1 0 0 0 0 1
1 2 2 0 0 0 0 0 0
1 1 2 0 0 0 0 0 0
1 2 2 0 0 0 6 14 0
1 2 2 0 2 0 0 0 0
1 1 2 0 3 0 2 2 0
1 2 2 0 50 50 50 50 0
1 2 2 0 0 0 0 0 0
1 1 2 0 50 50 50 50 0
1 2 2 0 0 0 0 0 0
1 2 2 1 4 0 3 19 0
1 1 2 0 0 0 0 0 0
1 1 2 0 0 0 0 0 0
1 2 2 1 2 0 2 0 0
1 1 0 0 1 1 0 1 0
1 1 2 0 0 0 0 2 0
1 2 2 0 0 1 0 1 1
1 1 2 0 0 0 0 0 0
1 2 2 1 0 0 0 0 0
1 2 2 0 0 0 0 0 0
1 2 2 0 1 0 0 0 0
1 2 2 0 50 50 50 50 0
1 2 2 0 1 4 8 2 0
1 2 2 1 0 0 0 6 1
1 2 2 0 0 0 0 0 0
1 1 2 0 0 0 0 3 0
1 1 2 0 0 0 0 0 0
1 2 2 0 50 50 50 50 0
1 1 2 0 0 0 0 0 0
1 2 2 1 4 1 1 1 0
1 2 2 1 0 0 0 0 1
1 1 2 0 9 0 0 0 0
1 1 1 0 0 0 0 0 0
1 1 2 0 50 50 50 50 0
1 1 2 0 0 0 0 2 0
1 1 2 0 0 0 0 0 0
1 2 2 0 0 0 0 0 0
1 2 2 5 0 0 0 0 1
1 2 2 1 0 0 0 0 1
1 2 2 0 0 0 0 0 0
1 2 2 0 0 0 0 0 0
1 2 2 3 0 0 0 2 1
1 2 2 2 1 0 0 1 0
1 2 2 0 0 0 0 0 0
1 2 2 0 1 0 0 0 0
1 2 2 0 0 0 0 0 0
1 2 2 2 1 0 4 3 1
1 2 2 0 0 0 0 0 0
1 1 2 0 3 0 0 0 0
1 2 2 0 0 0 0 0 0
1 1 2 0 0 0 0 1 0
1 2 2 0 2 0 0 2 1
1 2 2 0 3 0 0 1 0
1 2 2 0 0 0 0 0 0
1 1 2 0 0 0 0 0 0
1 2 2 1 50 50 50 50 1
1 2 2 0 0 0 0 0 1
1 2 2 1 3 0 0 2 0
1 2 2 0 0 1 0 0 0
1 2 2 0 0 0 0 1 1
1 2 2 0 3 0 1 0 0
1 1 2 0 0 0 0 0 0
1 2 2 0 0 0 0 0 0
1 1 2 0 0 0 0 0 0
1 1 2 0 0 0 0 0 0
1 2 2 0 0 0 0 0 0
1 1 2 0 1 0 0 0 0
1 2 2 0 0 0 0 0 0
1 1 2 0 0 0 0 4 0
1 2 2 2 0 0 0 0 1
1 1 2 0 2 0 0 0 0
1 2 2 0 0 0 0 0 0
1 2 2 1 0 0 0 0 1
1 2 2 0 0 0 0 0 1
1 1 2 0 0 0 0 0 0
1 2 2 3 0 1 1 1 1
1 2 2 0 0 0 0 0 0
1 1 2 0 0 0 0 0 0
1 2 2 5 0 0 0 0 1
1 2 2 1 0 0 2 0 0
1 2 2 0 50 50 50 50 0
1 2 2 0 2 0 1 0 0
1 2 2 0 0 0 1 0 1
1 2 2 0 50 50 50 50 1
1 1 2 0 0 0 0 0 0
1 2 2 0 0 0 0 0 0
1 2 2 0 0 0 0 0 0
1 2 2 0 0 0 0 0 0
1 2 2 3 0 0 1 0 1
1 2 2 0 50 50 50 50 0
1 2 2 3 0 0 0 1 1
1 2 2 0 50 50 50 50 0
1 2 2 1 0 0 1 2 1
1 2 2 2 0 0 0 1 1
1 2 2 0 0 0 0 0 0
1 1 2 0 0 0 0 0 0
1 2 2 0 0 0 0 3 0
1 2 2 2 0 0 0 0 1
0 0 2 0 0 0 0 0 0
1 2 2 0 0 0 0 0 0
1 2 2 1 0 1 2 0 1
1 2 2 0 7 0 0 1 1
1 2 2 0 0 0 0 0 0
1 2 2 0 50 50 50 50 0
1 2 2 2 0 0 0 0 1
1 2 2 0 0 0 0 4 0
1 2 2 1 2 1 1 0 0
1 1 1 0 0 0 0 0 0
1 2 2 3 0 0 0 0 1
1 2 2 0 0 0 0 0 1
1 2 2 1 0 0 0 0 0
1 2 2 0 0 0 1 3 0
1 2 2 1 0 0 1 0 0
1 2 2 0 50 50 50 50 0
1 2 2 0 50 50 50 50 0
1 2 2 2 0 0 0 1 0
1 1 2 1 0 0 0 0 0
1 2 2 0 0 0 1 0 0
1 2 2 4 0 0 0 1 1
1 2 2 4 0 0 1 0 1
1 1 2 0 0 0 0 0 0
1 2 2 1 0 0 0 0 0
1 1 2 0 0 0 0 0 0
1 2 2 2 0 0 1 1 1
1 2 2 3 0 0 0 2 0
1 2 2 0 0 0 0 0 0
1 2 2 0 0 0 0 0 0
1 2 2 1 1 0 0 0 1
1 2 2 3 0 0 0 0 1
1 2 1 1 0 0 0 0 1
1 2 2 0 50 50 50 50 0
1 2 2 0 0 0 0 0 1
1 2 2 0 0 0 0 0 0
1 2 2 3 0 0 0 0 1
1 2 2 0 0 0 0 1 0
1 2 2 4 0 0 0 0 1
1 2 2 1 0 0 0 0 1
1 2 2 0 0 0 2 0 0
1 2 2 0 0 0 1 5 1
1 2 2 3 0 0 0 0 1
1 2 1 1 0 0 0 0 0
1 2 2 3 9 0 3 0 1
1 2 2 0 0 0 0 0 0
1 2 2 0 0 1 1 0 0
1 1 2 0 0 0 0 1 0
1 2 2 1 0 0 0 0 0
1 2 2 0 0 0 0 0 1
1 1 2 0 0 0 0 0 0
1 2 2 0 0 0 0 1 0
0 0 2 0 0 0 0 0 0
1 1 2 0 0 0 0 0 0
1 1 2 0 0 0 0 0 0
1 1 1 0 0 0 0 0 0
1 2 2 0 10 0 0 0 0
1 2 2 0 0 0 0 4 0
1 1 2 0 0 0 0 0 0
1 1 2 0 50 50 50 50 0
1 2 2 1 0 0 0 3 0
1 2 2 0 0 0 0 2 0
1 1 2 0 0 0 0 1 0
1 1 2 0 0 0 0 0 0
1 2 2 2 1 0 1 0 1
1 2 2 3 0 0 0 1 1
1 2 2 0 0 0 0 0 0
1 2 2 0 50 50 50 50 0
1 2 2 0 0 0 0 0 1
1 2 2 1 0 0 0 0 1
1 2 2 1 0 0 0 0 0
1 2 1 0 0 0 0 0 0
1 2 2 2 0 0 0 1 1
1 2 2 0 0 0 0 0 0
1 2 2 0 0 0 0 0 0
1 2 2 0 50 50 50 50 1
1 2 2 2 0 0 0 0 1
1 1 2 3 0 0 0 0 1
1 2 2 3 0 0 0 1 1
1 2 2 1 0 0 0 0 1
1 2 2 1 0 0 0 2 1
1 2 2 0 50 50 50 50 0
1 2 2 0 50 50 50 50 0
1 2 2 2 0 0 0 0 1
1 2 2 0 0 0 0 1 0
1 2 2 1 0 0 0 0 1
1 2 2 1 0 0 0 0 1
1 2 2 0 0 0 0 0 0
1 1 2 0 0 1 5 0 0
1 2 2 2 0 0 0 0 1
1 2 2 2 0 0 0 0 1
1 2 2 1 0 0 0 0 1
1 2 2 1 0 0 1 0 0
1 2 2 0 0 0 0 0 0
1 1 2 0 0 0 0 1 0
1 2 2 0 1 0 0 1 0
1 2 2 0 0 0 0 0 0
1 2 2 0 0 0 0 0 0
1 2 2 0 0 0 0 0 0
1 2 2 4 0 0 0 0 0
1 2 2 2 0 0 0 0 0
1 2 2 2 0 1 0 0 1
1 2 2 0 0 0 0 0 0
1 2 2 2 0 0 0 1 1
1 2 2 0 0 0 0 0 0
1 1 2 0 0 0 0 0 0
1 2 2 0 50 50 50 50 1
1 2 2 3 0 0 0 0 1
1 2 2 1 0 0 1 0 1
1 2 2 2 0 0 0 0 1
1 2 2 0 0 0 0 0 0
1 2 2 2 0 0 0 0 0
1 2 2 1 0 0 0 1 0
1 2 2 3 0 0 0 1 1
1 2 2 2 0 0 0 0 1
1 2 2 0 0 0 0 0 0
1 2 2 0 50 50 50 50 0
1 2 2 1 0 0 1 0 1
1 2 2 0 0 0 0 0 0
1 2 2 0 0 0 0 0 0
1 2 2 1 3 1 3 1 1
1 2 2 4 0 0 0 0 1
1 2 2 2 0 0 0 0 1
1 2 2 5 0 0 0 0 1
1 2 2 0 50 50 50 50 0
1 2 2 0 50 50 50 50 0
0 0 1 0 0 0 0 0 1
1 2 2 4 5 0 2 0 1
1 2 2 1 0 0 0 0 1
1 2 2 5 0 2 1 0 1
1 2 1 2 0 0 1 0 1
1 2 2 2 0 0 0 0 1
1 2 2 1 0 0 0 0 1
1 2 2 1 0 0 0 0 1
1 2 2 0 0 0 0 0 0
0 0 2 0 0 0 0 0 0
1 2 1 1 0 0 0 3 1
1 2 2 2 0 0 0 1 1
1 2 2 0 50 50 50 50 0
1 2 2 3 0 0 1 0 1
1 2 2 0 2 0 0 0 0
1 2 2 1 0 0 1 1 1
1 2 2 2 5 0 0 0 0
1 2 2 4 0 0 0 0 1
1 2 2 1 0 0 1 0 0
1 2 2 0 0 0 0 0 0
1 2 2 2 0 0 0 0 1
1 2 2 0 0 0 0 0 0
1 2 2 1 0 0 0 0 1
1 2 1 0 0 0 0 0 1
1 2 2 0 0 0 0 0 0
1 1 2 0 50 50 50 50 0
1 2 2 0 50 50 50 50 0
1 2 2 1 0 0 0 0 1
1 2 2 3 0 0 1 1 1
1 2 2 0 0 0 0 0 0
1 2 2 1 0 0 0 0 1
1 2 2 4 0 0 0 0 1
1 2 2 1 0 0 0 0 1
1 2 2 2 2 0 2 0 1
1 2 2 1 0 0 0 0 1
1 2 2 1 12 1 0 1 1
1 2 2 0 50 50 50 50 0
1 2 2 2 0 0 0 0 1
1 2 2 2 0 0 0 2 0
1 2 2 2 0 2 0 0 1
1 2 2 0 0 0 0 0 0
0 0 2 0 0 0 0 0 0
1 2 2 0 34 0 0 0 1
1 2 2 0 0 0 0 1 0
1 2 2 3 0 0 0 0 1
1 2 2 0 50 50 50 50 0
1 2 2 0 50 50 50 50 0
1 2 2 3 0 0 2 1 1
1 2 2 0 50 50 50 50 0
1 2 2 0 50 50 50 50 0
1 2 2 0 0 0 0 0 0
1 2 2 1 0 0 0 0 1
1 3 2 2 0 0 0 0 0
1 2 2 0 0 0 0 0 0
1 2 2 0 2 0 0 0 0
1 2 2 1 0 0 0 0 1
1 2 2 0 50 50 50 50 0
1 2 0 1 8 0 0 0 1
1 2 2 0 0 0 1 2 0
1 2 2 0 0 0 0 0 0
1 2 2 1 2 0 2 4 1
0 0 2 0 0 0 0 0 0
1 2 2 0 0 0 0 0 0
1 2 2 1 0 0 0 0 1
1 2 2 2 0 2 0 0 1
1 2 2 0 0 0 0 0 0
1 2 2 1 0 0 1 7 1
1 2 2 0 50 50 50 50 0
1 2 2 0 50 50 50 50 0
1 1 2 0 0 0 0 0 0
1 2 2 1 0 0 0 2 1
1 2 2 0 0 0 0 0 1
1 2 2 1 5 5 2 4 1
1 2 2 2 1 0 0 4 0
1 2 2 1 0 0 0 0 0
0 0 2 1 0 0 0 0 0
1 2 2 5 0 0 0 0 1
1 2 2 2 0 0 0 1 1
0 0 2 0 0 0 0 0 0
1 2 2 1 1 0 0 0 1
1 2 0 1 0 0 0 5 1
1 2 2 2 0 0 0 0 0
1 2 2 0 50 50 50 50 0
1 2 2 1 0 0 0 0 0
1 2 2 1 0 0 1 6 1
1 2 2 1 0 0 0 0 0
1 2 1 0 0 0 0 0 0
1 1 2 0 7 0 2 31 0
0 0 2 0 0 0 0 0 0
1 2 2 0 0 0 0 0 0
1 2 2 0 50 50 50 50 0
1 2 2 0 0 0 0 0 0
1 1 2 0 50 50 50 50 0
1 1 2 0 50 50 50 50 0
1 1 2 0 50 50 50 50 0
0 0 1 0 0 0 0 0 0
1 2 2 0 50 50 50 50 0
1 2 2 0 0 0 0 0 0
1 1 2 0 50 50 50 50 0
1 1 2 0 0 0 0 0 0
1 1 2 0 50 50 50 50 0
0 0 2 0 0 0 0 0 0
1 2 2 0 0 0 0 0 0
1 1 2 0 50 50 50 50 0
0 0 2 0 50 50 50 50 0
1 2 2 0 50 50 50 50 0
1 2 2 0 0 0 0 0 0
0 0 1 0 0 0 0 0 0
0 0 1 0 0 0 0 0 0
1 2 2 0 5 0 0 4 1
1 2 2 2 2 0 0 1 1
1 2 2 0 0 0 0 0 0
0 0 1 0 0 0 0 0 0
1 1 2 0 50 50 50 50 0
1 2 2 0 0 0 0 0 0
0 0 2 0 1 0 0 6 0
1 2 2 0 50 50 50 50 0
1 1 2 0 0 0 0 0 0
0 0 2 0 50 50 50 50 0
1 2 2 0 0 0 0 0 0
1 2 2 2 0 1 0 0 0
1 2 2 0 0 0 0 0 0
1 2 2 0 0 0 0 0 0
1 1 2 0 50 50 50 50 0
1 1 2 0 0 0 0 0 0
0 0 2 0 0 0 0 0 0
1 2 1 0 0 0 0 0 0
1 2 2 0 0 0 0 0 0
1 1 2 0 0 0 0 0 0
1 2 2 0 50 50 50 50 0
1 2 2 0 0 0 0 0 0
1 1 2 0 50 50 50 50 0
1 2 2 0 50 50 50 50 0
1 1 1 0 50 50 50 50 0
1 1 2 0 0 0 0 0 0
1 2 2 0 0 0 0 0 1
1 2 2 0 0 0 0 0 0
1 2 2 0 1 0 1 4 0
1 1 2 0 0 0 0 0 0
1 1 2 0 50 50 50 50 0
1 1 2 0 50 50 50 50 0
1 2 2 1 0 0 0 0 1
0 0 1 0 0 0 0 0 0
1 1 2 0 0 0 0 0 0
1 2 1 0 0 0 0 0 0
1 2 2 0 0 0 0 0 0
1 2 2 0 0 0 0 1 0
1 2 2 0 0 0 0 0 0
1 2 2 0 0 0 15 1 1
1 1 2 0 0 0 0 0 0
1 2 2 0 0 0 0 0 1
1 2 2 0 50 50 50 50 0
0 0 2 0 0 0 0 0 0
1 2 2 0 0 0 0 0 0
1 2 2 0 0 0 1 1 0
1 2 2 0 0 0 0 0 0
1 1 2 0 0 0 0 0 0
1 2 2 2 0 0 1 1 1
1 2 2 0 0 0 0 0 0
0 0 2 0 0 0 0 0 0
1 2 2 0 0 0 0 0 0
1 2 2 0 0 0 0 0 0
1 2 2 0 50 50 50 50 0
0 0 2 0 50 50 50 50 0
1 1 2 0 50 50 50 50 0
1 1 2 0 50 50 50 50 0
1 2 2 0 0 0 0 0 0
1 2 2 0 50 50 50 50 0
0 0 1 0 0 0 0 0 0
1 1 2 0 50 50 50 50 0
1 1 2 0 50 50 50 50 0
1 1 2 0 50 50 50 50 0
0 0 2 0 0 0 0 0 0
1 2 2 0 0 0 0 0 0
1 2 2 0 0 0 0 0 0
1 1 2 0 0 0 0 0 0
1 2 2 0 0 0 0 0 0
1 1 2 0 50 50 50 50 0
1 2 2 0 0 0 0 0 0
1 2 2 0 0 0 0 0 0
1 2 1 0 0 0 0 0 0
1 1 2 0 0 0 0 0 0
1 2 2 0 50 50 50 50 0
1 2 2 0 0 0 0 0 0
1 2 2 0 0 0 0 0 0
0 0 2 0 50 50 50 50 0
1 1 2 0 50 50 50 50 0
1 2 2 0 0 0 16 0 1
1 2 2 0 1 0 0 0 0
1 2 2 0 0 0 0 0 0
1 2 2 0 0 0 0 0 0
1 2 2 0 0 0 0 0 0
1 1 2 0 50 50 50 50 0
1 2 2 0 50 50 50 50 0
0 0 2 0 50 50 50 50 0
1 1 2 0 0 0 0 0 0
1 1 2 0 50 50 50 50 0
1 1 2 0 50 50 50 50 0
1 1 2 0 0 0 0 0 0
0 0 2 0 0 0 0 0 0
1 2 1 0 0 0 0 0 1
1 1 2 0 0 0 0 0 0
1 1 2 0 50 50 50 50 0
1 2 2 0 0 0 0 0 0
0 0 2 0 0 0 0 0 0
1 2 2 0 50 50 50 50 1
0 0 1 0 0 0 0 0 0
1 2 2 0 50 50 50 50 0
1 2 2 0 50 50 50 50 0
1 2 2 0 0 0 0 1 0
1 2 2 0 0 0 0 0 0
1 2 2 0 0 0 0 0 0
1 2 2 0 0 0 0 0 0
1 1 2 0 50 50 50 50 0
1 2 2 1 17 0 2 8 0
1 1 2 0 0 0 0 0 0
0 0 2 0 0 0 0 0 0
1 1 2 0 50 50 50 50 0
1 2 2 2 4 1 44 0 0
0 0 1 0 0 0 0 0 0
1 1 2 0 50 50 50 50 0
0 0 2 0 0 0 0 0 0
1 2 2 0 0 0 0 0 0
1 2 2 0 50 50 50 50 0
1 1 2 0 50 50 50 50 0
1 2 2 0 0 0 0 0 0
1 1 2 0 50 50 50 50 0
1 1 2 0 50 50 50 50 0
1 2 2 0 50 50 50 50 0
1 2 2 0 50 50 50 50 0
1 2 2 0 0 0 0 0 0
1 2 2 0 50 50 50 50 0
1 2 2 0 50 50 50 50 0
1 1 2 0 50 50 50 50 0
1 1 2 0 50 50 50 50 0
1 1 2 0 50 50 50 50 0
0 0 1 0 0 0 0 0 0
1 2 2 0 0 0 0 0 0
0 0 1 0 0 0 0 0 0
1 2 2 0 50 50 50 50 0
1 2 2 4 0 0 0 0 1
0 0 2 0 50 50 50 50 0
1 2 2 1 0 0 0 0 1
0 0 1 0 0 0 0 0 0
0 0 2 0 0 0 0 0 0
1 2 2 0 0 0 0 0 0
1 2 1 0 0 0 0 0 0
1 2 2 0 0 0 0 0 0
0 0 2 0 0 0 0 0 0
0 0 2 0 0 0 0 0 0
1 2 2 0 50 50 50 50 1
1 1 2 0 50 50 50 50 0
1 2 2 0 0 0 0 0 0
1 1 2 0 0 0 0 0 0
1 2 2 0 0 0 0 0 0
0 0 2 0 0 0 0 0 0
1 2 2 0 0 0 0 0 0
1 2 2 0 50 50 50 50 0
1 2 2 1 0 0 1 0 0
1 1 2 0 50 50 50 50 0
1 3 2 1 0 0 0 0 1
1 2 2 1 1 0 2 0 1
1 2 2 0 0 0 4 8 1
0 0 2 0 6 1 0 0 0
1 2 2 1 0 0 0 0 1
1 2 2 1 0 0 1 0 0
1 2 2 0 50 50 50 50 0
1 2 2 0 0 0 0 0 1
1 1 2 0 0 0 0 0 0
1 2 0 2 0 0 1 0 0
1 2 2 1 10 0 3 20 0
1 2 2 0 2 0 0 1 0
1 2 2 3 0 1 0 1 1
1 1 2 0 0 3 1 2 0
1 2 2 0 0 0 0 0 0
1 2 2 0 0 0 0 1 0
1 2 2 0 0 0 0 0 0
1 2 2 0 0 0 0 0 0
1 2 2 0 50 50 50 50 0
1 2 2 0 0 0 0 0 0
1 2 2 2 0 0 0 0 0
0 0 2 0 0 0 0 0 0
1 2 2 0 0 0 0 0 0
1 1 2 0 1 0 1 0 0
0 0 2 0 0 0 0 0 0
1 1 2 0 4 1 1 5 0
1 1 2 1 0 0 0 1 0
1 1 2 0 0 0 0 0 0
1 2 2 2 3 0 4 9 1
1 2 2 0 1 1 1 1 0
1 2 2 0 1 0 1 0 0
1 2 2 0 50 50 50 50 0
1 2 2 1 0 0 1 0 1
1 2 2 0 0 0 0 0 0
1 2 2 1 0 0 0 0 0
1 2 2 0 0 0 0 0 0
1 2 2 0 50 50 50 50 0
1 2 2 0 50 50 50 50 0
1 2 2 1 0 0 0 0 1
1 2 2 1 0 1 0 0 1
1 2 2 1 0 0 0 0 1
1 2 1 0 0 0 0 0 0
1 2 2 0 0 0 0 0 0
1 2 2 1 0 1 0 2 0
1 2 2 2 0 0 0 1 1
1 2 2 0 50 50 50 50 0
1 1 2 0 0 0 0 0 0
1 2 2 0 0 0 0 0 0
1 1 2 1 0 0 0 0 0
1 2 2 1 1 1 1 0 0
1 2 2 0 0 0 0 1 1
1 2 1 1 0 0 0 1 1
1 2 2 0 6 0 1 0 0
1 1 2 0 0 0 0 0 0
1 2 2 1 0 0 0 0 0
1 3 2 0 0 0 0 0 0
1 2 2 1 0 0 0 0 0
1 2 2 2 0 0 0 12 0
1 2 2 1 7 1 9 18 0
1 2 2 0 7 0 0 2 1
0 0 1 0 0 23 0 4 0
1 1 0 1 0 0 2 0 0
1 1 2 0 50 50 50 50 0
0 0 0 0 0 0 0 0 0
1 1 2 0 3 0 0 4 0
1 2 2 3 0 0 0 0 1
1 2 2 2 0 0 0 0 1
1 2 2 2 0 0 0 0 1
1 2 2 1 0 0 0 0 0
1 2 2 1 1 1 0 1 1
1 2 2 0 50 50 50 50 0
1 2 2 2 1 0 0 2 1
1 2 2 0 0 0 0 0 1
1 2 2 0 0 0 0 0 0
1 2 2 1 0 0 1 0 0
1 2 2 1 0 0 0 0 0
1 2 2 0 5 0 1 1 1
1 2 2 2 0 0 0 0 1
1 2 2 1 0 0 0 0 1
1 2 2 1 0 0 0 1 1
0 0 1 0 0 0 0 0 0
1 2 2 0 0 0 0 7 0
1 2 2 1 0 0 0 0 0
1 2 2 2 0 0 0 0 0
1 2 2 3 0 0 0 0 1
1 2 2 2 0 0 0 0 1
1 2 2 2 0 0 0 0 1
1 2 2 1 0 0 0 0 0
1 2 2 0 4 1 13 1 0
1 2 2 1 0 0 0 0 0
1 2 2 2 0 0 0 0 0
1 2 2 1 1 0 0 1 1
1 2 2 1 1 0 0 0 1
1 2 2 0 50 50 50 50 0
1 2 2 1 0 0 2 0 1
1 2 2 3 0 1 1 1 1
1 2 2 1 50 50 50 50 0
1 2 2 0 50 50 50 50 0
1 2 2 1 0 0 0 0 1
1 2 2 0 0 0 0 0 0
1 2 2 0 0 0 0 0 0
1 2 2 3 0 0 0 0 0
1 2 2 0 0 0 0 0 0
1 2 2 1 0 0 0 0 1
1 2 2 1 0 0 0 0 1
1 2 2 1 0 0 0 4 1
1 2 1 0 50 50 50 50 0
1 2 2 1 0 0 0 0 0
1 2 2 2 0 0 0 0 1
1 1 2 1 0 0 0 11 0
1 2 2 0 0 0 0 0 0
1 2 2 1 1 0 2 0 1
1 2 2 2 2 0 0 1 1
1 2 1 2 0 0 2 0 0
1 2 2 0 50 50 50 50 0
1 2 2 1 0 1 2 0 1
1 2 2 1 0 0 0 1 0
0 0 2 0 50 50 50 50 0
1 2 2 1 0 0 1 2 1
1 2 2 0 0 0 0 0 0
1 2 2 1 0 0 1 0 1
1 1 2 0 0 0 0 0 0
1 2 2 1 0 0 0 0 1
1 1 2 0 0 0 1 0 0
1 2 2 2 0 0 0 0 1
1 2 2 2 50 50 50 50 1
1 2 2 3 0 0 0 0 1
0 0 2 0 0 0 0 0 0
1 2 2 0 0 1 0 0 0
1 2 2 1 0 0 0 0 1
1 2 2 1 0 0 1 0 0
1 2 2 1 1 0 1 1 0
1 2 2 2 0 0 0 0 0
1 2 2 2 0 0 0 0 1
1 2 2 0 50 50 50 50 0
1 2 2 0 0 0 7 0 1
1 2 2 3 0 0 0 0 1
1 2 2 2 0 0 0 0 1
1 2 2 0 50 50 50 50 0
1 2 2 0 50 50 50 50 0
1 2 2 0 0 0 0 0 0
1 1 2 0 50 50 50 50 0
1 2 2 1 0 0 0 0 1
1 2 2 0 0 0 0 0 0
1 2 2 2 0 0 0 0 1
1 2 2 1 0 0 0 0 1
1 2 2 1 1 0 0 1 0
1 2 2 0 0 0 0 1 1
1 2 2 1 0 0 0 0 1
1 2 2 0 0 0 0 0 0
1 2 2 1 1 0 2 0 0
1 2 2 0 0 0 0 0 0
1 2 2 1 0 0 0 0 0
1 2 2 1 0 0 1 0 1
1 2 2 0 0 0 0 0 1
1 2 2 3 2 0 5 2 1
1 2 2 0 0 0 2 0 0
1 2 2 0 0 0 0 0 1
1 2 2 2 0 0 0 0 0
1 2 2 1 0 0 1 0 0
1 2 2 1 0 0 0 2 0
1 2 2 1 0 0 1 4 0
1 2 2 0 0 0 0 0 0
1 2 2 1 0 0 0 1 0
1 2 2 0 0 0 0 1 0
1 2 2 0 0 0 1 3 0
1 2 1 0 0 0 0 0 0
1 2 2 0 50 50 50 50 0
1 2 2 1 3 0 0 1 1
1 2 2 2 0 0 0 0 0
1 2 2 0 0 0 0 0 0
1 2 2 0 0 0 0 1 0
1 2 2 0 0 0 0 0 0
1 1 2 0 0 0 0 2 0
1 2 2 0 0 0 0 1 0
1 2 2 1 0 0 1 1 0
1 2 2 0 0 0 0 0 0
1 2 2 1 7 0 0 1 0
0 0 2 0 0 0 0 0 0
1 1 1 0 50 50 50 50 0
1 2 2 0 3 0 4 4 0
1 1 2 0 29 1 2 8 0
1 2 2 0 50 50 50 50 0
1 3 2 0 0 0 0 0 1
0 0 2 0 0 0 0 0 0
1 2 2 1 0 1 0 1 1
1 2 2 1 0 0 0 0 1
1 2 2 1 0 0 0 2 0
1 2 2 0 0 0 0 0 0
1 2 2 2 0 0 0 0 1
1 1 2 0 50 50 50 50 0
1 3 2 2 0 0 0 0 1
1 2 2 1 0 0 0 0 1
1 2 2 2 0 0 0 0 1
1 2 2 0 50 50 50 50 0
1 2 2 0 0 0 0 1 0
1 3 2 2 0 0 0 0 1
1 2 2 2 0 0 0 0 1
1 2 2 2 5 0 0 0 0
1 2 2 1 0 0 0 1 0
1 2 2 0 1 1 1 0 0
1 2 2 3 0 0 0 0 1
1 2 2 0 0 0 0 4 0
1 2 2 3 0 0 0 0 1
1 2 2 0 0 0 1 0 0
0 0 2 0 0 0 0 0 0
1 3 2 0 50 50 50 50 0
1 2 2 4 0 0 0 1 1
1 2 2 2 1 0 0 4 0
1 2 2 0 0 0 0 0 0
1 2 2 1 0 1 0 0 1
1 2 2 0 1 0 1 1 0
1 2 2 5 0 0 0 0 1
1 2 2 0 0 0 0 1 0
1 2 2 0 50 50 50 50 0
1 3 2 1 0 0 0 0 1
1 2 2 0 0 0 0 0 0
1 2 2 1 0 0 0 0 1
1 2 2 0 0 0 1 2 1
1 2 2 0 50 50 50 50 0
1 2 2 0 0 0 0 0 1
0 0 1 0 0 0 0 0 0
1 2 2 4 0 0 1 0 1
1 2 2 0 0 0 0 0 0
1 2 2 0 0 0 0 0 0
1 1 2 0 0 0 0 0 0
1 1 2 0 1 0 0 1 0
1 2 2 0 0 0 0 0 0
1 2 2 1 0 0 0 2 0
1 2 2 0 0 0 0 1 0
1 2 2 2 3 0 1 2 0
1 2 2 1 4 0 1 8 1
1 2 2 0 0 0 0 0 0
1 2 2 0 0 0 0 1 0
1 2 2 0 0 0 0 0 0
1 1 2 1 50 50 50 50 0
1 2 1 0 50 50 50 50 0
1 2 2 0 0 0 0 0 0
1 1 2 0 0 0 0 0 0
1 2 2 0 0 0 0 0 0
1 2 2 0 50 50 50 50 0
1 2 2 0 0 0 0 0 0
1 2 2 0 0 0 0 0 0
1 2 2 2 0 0 2 0 1
1 2 2 2 0 0 0 1 1
1 1 2 0 0 0 0 0 0
1 2 2 1 0 0 0 0 0
1 2 2 3 0 0 0 1 1
1 2 2 3 0 0 0 0 1
1 2 2 2 0 0 0 0 1
1 2 2 0 0 0 0 1 0
1 2 2 0 0 0 1 0 0
0 0 2 0 0 0 0 0 0
1 2 2 0 0 0 0 0 0
1 2 2 2 1 0 0 0 1
1 2 2 0 0 0 0 0 0
1 2 2 0 0 0 0 0 1
0 0 1 0 2 0 0 0 0
1 2 2 0 2 0 0 0 1
1 2 2 1 0 0 0 0 0
1 2 2 0 50 50 50 50 0
1 2 2 1 0 0 0 9 1
1 2 2 2 0 0 9 5 0
1 2 2 1 0 0 0 1 0
1 2 2 0 0 0 0 0 1
1 2 2 1 0 0 0 0 1
1 2 2 3 0 0 0 0 1
1 2 2 2 1 0 0 1 0
1 1 2 0 0 0 0 0 0
1 2 1 0 0 0 0 0 1
1 2 2 0 0 0 0 0 1
1 2 2 1 0 0 2 0 0
1 1 2 0 2 1 4 0 0
1 1 2 0 1 0 0 0 0
1 2 2 2 0 0 0 0 1
1 2 2 0 3 0 0 1 0
1 2 2 0 0 0 0 0 1
1 2 2 1 1 0 3 2 0
1 2 2 0 0 0 0 0 0
1 1 2 0 0 0 0 0 0
1 2 2 3 0 0 0 2 1
1 2 2 2 0 0 0 2 0
1 2 2 3 0 0 0 1 1
1 2 1 0 50 50 50 50 0
1 2 2 0 0 0 0 0 0
1 2 2 3 0 0 0 0 0
1 1 2 0 0 0 0 0 0
1 2 2 0 0 0 0 0 0
1 2 2 0 0 0 0 0 0
1 2 2 0 0 0 1 1 1
1 2 2 0 0 0 0 1 0
1 2 2 1 5 0 1 2 0
1 2 2 1 0 0 0 1 1
1 2 2 0 13 0 7 23 0
1 2 2 1 2 0 48 0 0
1 2 2 0 0 0 0 1 1
1 2 2 0 0 0 0 0 0
1 1 2 0 0 0 0 0 0
1 2 2 1 0 0 0 1 1
1 2 2 0 0 0 0 0 0
1 2 2 1 0 0 1 1 0
1 2 2 0 0 0 0 0 0
1 2 2 0 1 0 1 0 0
1 2 2 1 0 0 1 0 0
1 2 2 0 0 0 0 0 0
1 2 2 1 0 0 0 6 1
1 2 2 0 50 50 50 50 1
1 2 2 1 0 0 0 1 0
1 2 2 0 0 0 0 0 1
1 2 2 0 0 0 0 0 0
1 2 2 0 0 0 0 1 0
1 2 2 0 0 0 0 0 0
1 2 2 0 50 50 50 50 0
1 2 2 0 0 0 0 0 0
1 2 2 0 50 50 50 50 0
1 2 2 1 0 0 0 0 0
1 2 2 0 2 0 1 1 1
1 2 2 1 0 0 0 0 0
1 2 2 1 0 0 0 0 1
1 2 2 0 0 0 0 1 0
1 2 2 0 0 0 0 0 0
1 2 2 1 2 0 0 0 0
1 1 1 0 0 0 0 0 0
1 2 2 1 5 1 10 0 0
1 2 2 0 50 50 50 50 0
1 2 2 0 0 0 0 0 0
1 2 2 0 50 50 50 50 0
1 2 2 0 0 0 1 1 0
1 2 2 1 6 0 1 1 0
1 2 2 0 0 0 0 0 0
1 1 2 0 0 0 0 23 0
1 1 2 0 0 0 0 0 0
1 2 2 0 1 0 0 1 0
1 2 2 1 0 0 0 0 1
1 2 2 0 3 3 1 1 0
1 2 2 0 1 0 0 1 1
1 2 2 0 0 0 0 0 0
1 2 2 0 50 50 50 50 0
0 0 2 0 50 50 50 50 0
1 2 2 0 0 0 0 0 0
1 2 2 0 50 50 50 50 0
0 0 2 0 0 0 0 0 0
1 1 2 0 0 0 0 0 0
1 1 2 0 0 0 0 5 0
1 2 2 2 6 2 2 2 0
1 2 2 1 0 0 0 0 0
1 2 2 1 0 0 0 0 0
1 2 2 1 0 0 0 0 1
1 2 2 1 2 0 0 0 0
1 2 2 1 0 0 7 3 0
1 1 1 0 0 0 0 0 0
1 2 2 0 0 0 0 0 0
1 2 2 0 0 0 0 2 0
1 2 2 1 0 0 1 0 1
1 2 2 0 0 0 0 0 0
1 2 2 0 0 0 1 0 0
1 2 2 4 0 0 0 0 1
1 2 2 0 50 50 50 50 0
1 2 2 2 0 0 0 0 1
1 2 2 2 1 0 0 0 1
1 2 2 1 0 0 0 0 0
1 2 2 1 1 0 0 4 0
1 2 2 2 0 0 0 0 1
1 2 2 1 0 0 1 0 1
1 1 2 0 1 1 1 0 0
1 2 2 0 0 1 1 0 0
1 2 2 1 0 0 0 0 1
1 2 2 0 0 0 0 0 0
1 2 2 1 0 0 0 0 1
1 2 2 0 1 0 1 0 0
1 2 2 2 0 0 0 0 1
1 2 2 2 2 0 0 0 1
1 2 2 0 0 0 0 0 0
1 2 2 0 0 0 0 0 0
1 2 2 2 1 0 4 3 1
1 2 2 1 50 50 50 50 0
1 2 2 2 1 1 1 0 1
1 2 2 0 1 0 1 0 0
1 2 2 2 0 0 0 0 1
1 2 2 2 0 0 1 1 1
1 2 2 4 0 0 0 0 1
1 2 2 1 50 50 50 50 0
1 2 2 2 0 0 0 0 1
1 2 2 0 0 0 0 0 0
1 2 2 2 0 0 0 0 1
0 0 2 0 0 0 0 0 0
1 1 2 0 1 0 0 0 0
0 0 1 1 0 0 0 9 0
1 2 2 0 0 0 0 0 0
1 2 2 1 0 0 0 1 1
1 1 0 0 0 1 2 0 0
1 2 2 0 0 0 1 9 0
1 2 2 0 0 0 0 0 0
1 2 2 0 0 0 0 0 0
1 2 2 2 0 0 0 0 1
1 1 2 1 0 0 0 7 0
1 1 2 0 0 0 0 0 0
1 2 2 0 0 0 0 0 0
1 1 2 0 0 0 0 0 0
0 0 0 0 50 50 50 50 0
1 1 2 1 0 0 0 0 0
1 2 2 1 0 0 0 0 0
1 2 2 0 0 0 0 0 0
1 2 2 1 0 0 0 0 0
1 2 2 0 2 0 34 6 1
1 2 2 0 0 0 0 0 0
1 2 2 0 0 0 0 0 0
1 2 2 0 50 50 50 50 0
1 2 2 2 1 1 0 1 1
1 2 2 1 0 0 1 0 0
1 2 2 1 0 0 1 0 0
0 0 2 0 0 1 0 0 0
0 0 2 0 0 0 0 0 0
1 2 2 1 0 0 2 48 0
1 2 2 2 0 0 0 0 0
1 2 2 0 0 0 1 3 0
1 2 2 0 0 0 0 0 0
1 2 2 0 50 50 50 50 1
1 1 2 0 0 0 1 0 0
1 2 2 0 0 0 0 1 1
1 1 2 0 0 0 0 0 0
1 2 2 0 0 0 0 0 0
1 2 2 2 0 0 0 0 1
1 1 2 0 1 0 0 1 0
1 2 2 0 50 50 50 50 0
1 2 2 0 0 0 1 0 0
1 1 2 0 0 0 0 3 0
1 1 2 0 0 0 9 4 0
1 2 2 0 0 0 0 3 0
1 1 0 0 0 0 0 3 0
1 2 2 0 1 0 0 1 0
1 1 2 0 0 0 4 0 0
1 2 0 1 50 50 50 50 0
0 0 1 0 0 0 0 0 0
0 0 0 0 0 0 0 0 0
1 1 0 0 2 1 1 7 0
1 2 0 0 0 0 0 1 0
1 1 1 0 2 0 0 1 0
1 1 2 0 50 50 50 50 0
0 0 2 0 0 0 0 0 0
1 1 2 0 0 0 0 0 0
1 1 2 0 6 0 0 0 0
1 2 2 0 50 50 50 50 0
1 1 0 0 50 50 50 50 0
1 2 2 0 50 50 50 50 0
1 2 0 0 50 50 50 50 0
1 2 2 1 3 1 2 2 0
1 2 2 0 9 0 3 1 1
1 2 2 0 0 0 0 0 0
1 2 0 0 50 50 50 50 0
1 1 2 0 0 0 0 0 0
1 2 2 1 0 0 1 0 0
1 1 2 1 0 0 0 2 0
1 2 0 1 0 0 0 12 0
1 2 2 0 0 0 0 0 0
1 2 2 1 3 1 3 1 1
1 2 2 4 0 0 0 0 1
1 2 2 1 1 0 0 0 1
1 2 2 1 0 0 0 0 1
1 2 2 0 0 0 0 0 0
1 2 2 2 0 0 0 7 1
1 2 2 1 1 0 0 0 1
1 2 2 1 0 0 1 1 1
1 2 2 0 0 0 0 0 0
0 0 2 0 0 0 0 0 0
1 2 2 0 0 0 1 1 0
1 2 2 1 0 0 0 0 0
1 2 2 0 0 0 0 0 0
1 2 2 0 0 0 0 0 0
1 1 2 0 0 0 0 0 0
1 2 2 0 0 0 0 0 0
0 0 2 0 0 0 0 0 0
1 2 2 1 0 0 0 0 1
1 1 2 0 0 0 0 0 0
1 1 2 0 0 0 0 1 0
0 0 2 0 0 0 0 0 0
1 2 2 1 0 0 3 0 0
1 2 0 0 0 0 0 0 0
1 1 2 0 0 0 0 0 0
0 0 1 0 0 0 0 0 0
1 2 2 0 0 0 0 0 0
0 0 2 0 50 50 50 50 0
1 1 2 0 0 0 0 0 0
1 2 2 0 0 0 1 1 1
1 1 2 0 1 0 0 3 0
1 1 2 0 0 0 0 0 0
1 2 2 1 0 0 12 2 0
0 0 2 0 0 0 1 8 0
1 3 2 1 0 0 0 0 1
1 2 2 2 0 0 0 0 1
1 3 2 2 0 0 0 0 1
1 2 0 0 0 0 0 2 0
1 2 2 0 0 0 0 0 1
1 2 0 3 0 0 0 0 0
1 2 2 0 0 0 0 0 0
0 0 1 0 0 0 1 0 0
0 0 2 0 0 0 0 0 0
1 2 2 4 0 0 0 0 1
1 2 2 0 0 0 0 0 0
1 2 2 0 50 50 50 50 0
1 1 2 0 50 50 50 50 0
1 2 2 2 0 2 0 0 1
0 0 2 0 50 50 50 50 0
0 0 0 0 0 0 0 0 0
1 3 2 0 0 0 0 0 0
1 2 2 5 0 0 0 0 1
1 2 2 3 0 0 0 2 1
1 1 2 0 50 50 50 50 0
1 2 2 2 0 0 0 5 0
1 2 2 4 0 0 0 0 1
1 3 2 0 0 0 0 0 0
1 2 2 0 0 0 0 0 0
1 2 2 1 0 0 0 0 1
1 3 2 2 0 0 0 0 1
1 2 2 0 0 0 0 0 0
0 0 2 0 50 50 50 50 0
1 2 2 1 50 50 50 50 1
1 2 2 0 50 50 50 50 0
1 2 2 0 0 0 0 0 0
1 2 2 0 50 50 50 50 0
1 3 2 0 0 0 0 2 0
1 2 2 2 0 0 0 0 1
1 2 2 0 0 0 0 0 0
1 2 2 0 0 0 0 0 0
1 3 2 2 0 0 0 0 1
1 2 2 1 4 1 0 3 1
1 2 1 0 0 0 0 0 0
1 1 2 0 0 0 0 3 0
1 1 2 0 0 0 0 0 0
1 2 0 0 0 0 9 4 0
1 1 2 0 3 1 0 11 0
0 0 2 0 0 0 0 0 0
1 2 1 0 0 0 0 0 0
0 0 1 0 50 50 50 50 0
0 0 1 0 0 1 1 0 0
0 0 2 0 50 50 50 50 0
1 2 2 0 50 50 50 50 0
1 1 0 0 0 0 4 0 0
1 2 2 0 0 0 2 0 1
0 0 1 0 50 50 50 50 0
1 2 2 4 0 0 0 0 1
1 2 2 0 0 1 0 0 0
1 1 2 1 0 0 0 0 0
1 2 2 4 0 0 0 0 1
1 1 1 0 0 0 0 0 0
1 1 2 0 0 0 0 0 0
1 2 2 1 0 0 0 0 1
1 2 2 0 0 0 0 0 0
1 2 2 3 0 0 1 1 1
1 2 2 0 0 0 0 0 0
1 2 2 0 0 0 0 0 0
1 2 2 3 0 0 0 0 1
1 2 2 2 0 0 1 0 1
1 2 2 2 0 1 0 0 1
1 2 2 2 1 0 1 0 1
1 2 2 0 0 0 1 0 0
1 2 2 0 50 50 50 50 0
1 1 2 0 0 0 0 0 0
1 2 1 2 2 0 2 1 0
1 2 2 1 0 0 0 0 0
1 1 2 0 2 0 1 2 0
1 2 1 0 0 0 0 0 0
1 2 2 1 0 0 0 0 1
1 2 2 1 0 0 0 0 0
1 2 2 2 0 0 0 0 1
1 2 2 1 0 0 0 0 0
1 2 2 0 0 0 0 0 0
1 2 2 1 0 0 0 0 1
1 2 2 2 0 0 0 4 1
1 2 2 1 2 0 0 1 1
1 2 0 0 3 0 0 0 1
1 2 2 2 0 0 0 0 1
1 2 2 1 6 0 3 2 1
1 2 1 0 0 0 0 0 0
1 2 2 0 0 0 1 0 0
1 2 2 0 0 0 1 0 0
1 2 2 1 1 0 0 1 1
1 2 2 0 0 1 2 0 0
1 2 2 1 0 0 0 0 1
1 3 2 2 0 0 0 0 0
1 2 2 0 0 0 0 0 0
1 2 2 1 0 0 0 1 0
1 2 2 1 1 0 0 0 0
1 2 2 1 0 0 0 0 0
1 2 2 0 50 50 50 50 0
1 2 2 1 0 0 1 0 1
1 2 2 1 0 0 1 1 1
1 1 1 0 50 50 50 50 0
1 2 2 1 0 0 0 0 0
1 1 2 0 50 50 50 50 0
1 1 2 0 0 0 0 1 0
1 2 2 2 0 1 0 1 1
1 2 2 0 0 0 0 0 0
1 1 2 0 0 0 1 0 0
1 1 1 0 0 0 0 6 0
1 2 2 2 0 0 0 0 0
0 0 1 1 1 0 4 2 0
1 2 2 0 4 0 5 1 1
1 2 2 0 50 50 50 50 0
1 2 2 1 5 0 4 2 1
1 2 1 0 0 0 0 0 0
1 2 2 0 4 0 0 0 1
1 2 2 0 0 0 0 0 0
1 1 0 0 50 50 50 50 0
1 2 2 0 1 0 0 0 0
1 3 0 1 0 0 0 0 0
1 2 2 0 0 0 0 0 0
0 0 1 0 50 50 50 50 0
1 1 1 0 50 50 50 50 0
1 2 1 0 0 0 0 0 0
1 2 2 2 1 0 0 1 1
1 2 2 0 0 0 0 0 0
1 2 2 0 0 0 0 0 0
1 2 2 0 0 2 2 1 1
0 0 1 0 0 0 0 0 0
1 2 2 0 0 0 0 0 0
1 2 2 3 0 0 2 1 1
1 1 2 0 0 0 0 0 0
1 2 2 0 50 50 50 50 0
1 2 2 2 0 0 0 0 0
0 0 1 0 0 0 0 0 0
1 1 2 0 0 0 1 1 0
1 1 2 0 0 0 0 3 0
0 0 2 0 0 0 0 0 0
1 2 2 2 1 0 1 1 1
1 2 2 0 0 0 0 0 0
1 2 2 0 0 0 0 0 1
1 2 2 1 0 0 0 1 1
1 2 2 0 0 0 0 0 0
1 2 2 0 50 50 50 50 0
1 1 2 0 0 0 2 5 0
1 2 1 0 0 0 0 0 1
1 1 2 0 0 0 0 4 0
1 2 2 0 0 0 0 0 0
1 2 2 1 1 0 0 0 1
1 2 2 1 0 0 0 1 1
1 2 2 0 0 0 0 0 0
1 2 2 1 0 0 3 0 0
1 2 2 1 0 0 0 1 0
0 0 2 2 0 0 2 3 0
0 0 2 0 0 0 0 0 0
1 2 2 0 0 0 0 1 0
1 3 2 0 0 0 0 0 0
1 2 2 1 4 0 4 1 0
1 3 2 1 1 0 1 2 0
1 2 2 0 0 0 0 0 0
1 2 2 1 0 0 0 0 0
1 2 2 0 0 0 0 0 0
1 2 2 0 0 0 0 0 0
1 2 2 0 50 50 50 50 0
1 2 0 0 0 0 0 0 1
1 2 2 0 50 50 50 50 0
1 2 2 0 50 50 50 50 0
1 2 2 2 0 0 0 0 1
1 2 0 0 0 0 0 0 1
1 2 2 1 1 1 2 3 1
1 2 2 2 6 0 3 0 1
1 2 0 2 0 0 0 0 1
1 2 2 1 0 0 0 0 1
1 2 2 0 0 0 2 0 0
1 1 2 0 1 0 0 0 0
0 0 1 0 50 50 50 50 0
1 2 2 0 50 50 50 50 0
1 1 2 0 0 0 0 3 0
1 1 1 1 0 0 0 0 0
1 1 2 0 1 0 0 0 0
1 1 2 0 0 0 0 1 0
1 2 2 0 1 0 1 1 0
1 2 2 1 0 0 0 1 0
1 2 2 1 0 0 0 0 1
1 2 2 0 0 0 0 0 0
1 1 1 0 50 50 50 50 0
1 1 2 0 0 0 0 0 0
1 2 2 1 0 0 0 0 0
1 2 2 0 0 0 0 0 0
1 1 2 0 50 50 50 50 0
1 2 2 2 0 0 0 0 1
1 1 2 0 0 0 1 1 0
1 1 2 0 50 50 50 50 0
0 0 1 0 50 50 50 50 0
1 2 2 0 50 50 50 50 0
1 1 2 0 0 0 0 1 0
1 1 2 0 0 0 0 0 0
1 1 2 0 50 50 50 50 0
1 2 2 1 1 0 0 2 0
1 1 2 0 50 50 50 50 0
1 2 2 1 0 0 0 0 0
1 2 2 0 15 0 6 0 0
1 3 2 1 0 0 0 3 0
1 2 2 0 0 0 0 0 0
1 2 2 0 0 0 0 0 0
1 2 2 0 0 0 0 0 0
1 2 2 1 0 0 3 48 0
1 2 2 0 17 0 0 4 0
1 2 2 0 0 0 2 1 0
1 2 2 3 0 0 46 4 0
1 2 2 1 0 0 0 0 0
1 2 1 1 0 0 0 4 0
1 1 2 0 1 0 3 0 0
1 1 2 1 4 0 2 0 0
0 0 1 0 50 50 50 50 0
1 2 2 1 19 0 0 4 0
1 3 2 1 0 0 0 1 0
1 2 2 0 0 0 1 0 0
1 2 2 2 2 0 0 2 1
1 2 2 1 0 0 0 0 0
1 2 2 0 0 0 0 0 1
1 1 1 0 0 0 0 0 0
1 2 2 1 1 0 2 0 0
1 1 1 0 0 0 2 1 0
1 2 2 0 0 0 0 0 0
1 2 2 0 50 50 50 50 0
1 2 2 0 0 0 0 0 1
1 1 2 0 0 0 0 0 0
1 2 2 0 0 0 0 0 0
1 1 1 0 0 0 0 3 0
1 2 2 0 0 1 0 0 0
1 2 2 4 0 0 1 0 1
1 2 2 0 0 0 0 2 0
1 3 2 1 0 0 0 1 0
1 1 2 0 0 0 0 0 0
1 1 2 0 0 0 1 10 0
1 2 2 0 0 0 0 2 0
1 2 2 1 0 2 2 0 0
1 2 2 1 3 0 1 1 1
1 1 2 0 0 2 0 3 0
1 2 2 0 0 0 1 2 1
1 2 2 0 0 0 0 0 1
1 2 2 0 0 0 1 10 1
0 0 2 0 0 0 0 0 0
1 2 2 1 0 0 0 0 0
1 2 2 0 50 50 50 50 0
1 2 2 1 0 0 0 0 1
1 2 2 1 1 0 0 0 0
1 2 2 1 0 0 0 0 0
1 1 0 0 0 0 0 1 0
1 1 2 0 50 50 50 50 0
1 2 2 0 2 0 1 1 0
1 2 1 0 50 50 50 50 0
1 2 1 0 0 0 0 0 1
1 2 2 1 50 50 50 50 0
1 1 2 0 0 0 0 0 0
0 0 2 0 1 1 1 3 0
1 2 2 0 0 1 2 1 0
1 2 2 1 0 0 2 0 0
1 2 2 0 50 50 50 50 0
1 2 2 0 50 50 50 50 0
1 2 2 0 0 1 0 9 0
1 2 2 2 0 0 1 1 1
0 0 2 1 10 8 20 7 0
1 2 2 1 0 1 2 0 1
1 2 2 2 0 0 0 0 1
1 3 2 1 0 0 0 5 0
1 2 2 0 5 1 0 1 0
1 3 2 0 0 0 3 0 0
1 2 2 1 0 0 0 0 1
0 0 1 0 0 0 0 0 0
1 2 2 0 0 0 0 0 0
1 2 2 1 0 0 1 0 1
1 2 2 2 0 0 0 0 0
1 2 2 0 0 0 0 0 0
1 2 2 1 0 0 0 0 1
1 2 2 2 1 0 4 3 1
1 2 2 0 0 0 0 0 0
1 1 2 1 0 0 0 0 0
1 2 2 1 0 0 2 0 0
1 2 2 0 0 0 0 0 1
1 2 2 0 0 0 0 0 0
1 2 2 4 0 0 1 0 1
1 2 2 0 0 0 0 0 0
1 2 2 0 0 0 0 0 0
1 2 2 0 0 0 0 0 0
1 2 2 1 1 1 0 1 0
1 2 2 1 0 0 0 0 1
1 2 2 2 0 0 0 0 1
1 2 2 0 0 0 2 0 0
1 2 2 0 0 0 0 0 0
1 2 0 0 0 0 0 0 0
1 2 2 1 0 1 2 0 0
1 2 2 0 1 0 0 1 1
1 2 2 2 0 0 0 0 1
1 1 2 0 0 0 0 0 0
1 2 2 0 0 0 0 0 0
1 2 2 0 4 0 0 0 1
1 2 2 2 0 0 0 0 1
1 2 2 0 0 0 0 11 0
1 2 2 1 7 0 0 1 0
1 2 2 0 0 0 23 3 0
1 2 2 1 0 0 1 0 0
1 2 2 2 5 0 0 0 0
1 1 2 0 1 0 0 0 0
1 2 2 0 50 50 50 50 0
1 2 2 2 6 0 3 1 1
1 2 2 0 0 0 0 0 0
1 1 2 0 1 0 0 1 0
1 2 2 2 0 0 0 0 0
1 2 0 1 50 50 50 50 0
1 2 2 1 0 0 0 1 1
1 2 2 0 1 0 0 1 0
1 2 2 0 0 0 0 0 0
1 2 2 1 0 0 0 0 1
1 1 2 0 0 0 1 1 0
1 2 2 1 23 0 8 13 0
1 2 2 2 2 0 0 0 1
1 2 0 1 0 0 10 0 0
1 2 2 0 50 50 50 50 0
1 2 2 0 50 50 50 50 0
1 3 2 0 0 0 0 0 0
1 2 2 0 0 0 2 0 0
1 2 2 0 0 0 0 0 0
1 2 2 0 0 0 0 0 0
1 2 2 1 0 0 0 0 1
1 2 2 1 0 0 1 0 0
1 1 2 0 50 50 50 50 0
1 2 2 0 0 0 7 0 1
1 3 2 0 0 0 0 0 0
1 3 2 1 50 50 50 50 1
1 2 2 0 0 0 0 0 0
1 2 2 0 0 0 1 1 0
1 2 2 1 0 0 0 0 1
1 2 1 3 0 0 0 0 1
1 2 2 0 0 0 0 1 0
1 2 1 0 50 50 50 50 0
1 2 2 0 0 0 0 0 0
1 3 2 0 50 50 50 50 0
1 3 2 0 33 0 0 0 0
0 0 2 0 50 50 50 50 0
1 2 2 1 0 0 1 1 1
1 2 2 0 12 3 2 31 0
1 2 2 1 0 0 1 0 1
1 2 2 4 0 0 0 1 1
1 2 2 1 0 0 0 0 0
1 2 1 0 0 0 0 0 0
1 2 2 2 2 0 1 0 0
1 2 0 2 0 0 0 2 1
1 2 2 0 0 0 0 0 1
1 2 2 0 0 0 0 0 0
1 2 2 1 0 0 0 0 1
1 2 2 2 2 0 0 1 1
1 2 2 2 0 0 0 7 1
1 2 2 4 0 0 0 0 1
1 2 2 1 0 0 0 0 1
1 2 2 1 1 0 0 0 1
1 2 2 1 0 0 0 0 1
1 2 2 1 1 0 3 0 0
1 2 2 0 1 0 0 0 0
1 2 2 1 0 0 0 0 0
1 2 2 0 50 50 50 50 0
1 2 2 0 0 0 0 0 0
1 2 2 0 2 0 0 0 1
1 2 2 1 2 1 1 0 0
1 2 2 2 0 1 0 1 1
1 2 2 0 0 0 0 1 0
1 2 2 0 0 0 0 0 0
1 1 2 0 1 0 0 0 0
1 2 2 0 4 1 0 1 0
1 2 2 0 0 0 0 0 0
1 1 2 0 0 0 0 0 0
1 2 2 2 1 1 1 1 1
1 2 2 0 50 50 50 50 0
1 2 2 2 0 0 0 0 1
1 1 2 0 0 0 0 0 0
1 2 2 2 0 0 0 0 1
1 1 2 0 50 50 50 50 0
1 2 2 0 50 50 50 50 1
1 2 2 0 0 0 0 0 0
1 1 2 0 0 0 0 1 0
1 2 2 0 0 0 0 0 0
1 2 2 3 2 1 0 2 0
1 2 2 1 0 1 0 0 1
1 2 2 1 0 0 1 0 1
1 3 2 0 50 50 50 50 0
1 2 2 0 0 0 0 0 0
1 2 2 0 1 0 1 0 0
1 2 1 0 0 0 0 0 0
0 0 1 0 0 0 0 4 0
1 2 2 2 0 0 0 0 1
1 2 2 3 0 0 1 0 1
1 2 2 0 3 0 2 1 0
1 2 2 0 0 0 1 0 0
1 2 2 1 0 0 0 0 0
1 2 2 0 0 0 0 1 0
1 1 2 0 0 0 0 0 0
1 2 2 2 0 0 1 0 0
1 2 2 1 0 0 0 0 0
1 2 2 0 0 0 0 0 0
1 2 2 1 0 0 0 1 0
1 2 2 0 0 1 0 0 0
1 2 1 0 0 0 0 0 1
1 2 2 1 0 0 1 0 1
1 2 2 0 0 0 0 0 0
1 2 2 2 0 0 0 0 1
1 2 2 0 2 0 0 1 0
1 2 2 0 1 0 0 0 0
1 2 2 0 0 0 0 0 0
1 2 2 0 0 0 1 2 1
1 2 2 0 0 0 0 0 1
1 2 2 1 0 0 0 0 0
1 2 1 0 0 0 0 0 1
1 2 2 0 0 0 1 0 0
1 2 1 0 0 0 0 0 1
1 1 2 0 0 0 0 0 0
1 2 2 0 2 0 0 0 0
1 2 2 0 50 50 50 50 0
1 2 2 2 1 1 0 1 1
1 2 2 0 0 0 0 0 0
1 2 2 0 0 0 0 0 0
1 2 2 1 0 0 0 3 0
1 2 2 0 0 0 0 0 0
1 2 2 1 0 0 0 0 1
1 2 2 0 50 50 50 50 0
1 2 2 1 1 1 0 1 0
1 1 2 0 0 0 0 0 0
1 2 2 2 0 0 2 13 1
1 2 2 0 0 0 0 0 0
1 1 2 0 0 0 0 0 0
1 2 2 0 0 0 0 1 0
1 1 2 0 0 0 0 0 0
1 2 2 1 0 0 0 2 0
1 2 1 0 0 0 1 0 0
1 2 2 2 0 0 0 0 1
1 2 2 2 0 0 0 0 0
1 2 2 0 0 0 0 0 1
0 0 1 0 50 50 50 50 0
1 2 2 1 1 0 0 0 0
1 2 2 0 3 0 0 0 0
1 2 2 1 0 0 0 5 1
1 2 2 0 50 50 50 50 0
1 2 2 0 0 0 0 0 0
1 1 2 0 0 0 0 0 0
1 2 2 0 0 0 0 0 0
1 2 2 0 0 0 0 0 0
1 2 2 1 0 0 0 0 1
1 2 2 0 0 0 0 0 1
1 2 2 2 0 0 0 1 1
1 2 2 1 0 0 0 0 1
1 2 2 3 0 1 1 1 1
1 1 2 0 0 0 0 0 0
1 2 2 0 0 0 0 0 0
1 2 2 5 0 0 0 0 1
1 2 2 1 0 0 2 0 0
1 2 2 0 50 50 50 50 0
1 2 2 0 2 0 1 0 0
1 2 2 0 0 0 0 0 0
1 2 2 0 0 0 1 0 1
1 1 2 0 0 0 0 0 0
1 2 2 0 50 50 50 50 1
1 1 2 0 0 0 0 0 0
1 1 2 0 0 0 0 0 0
1 2 2 0 0 0 0 0 0
1 2 2 2 1 0 1 0 1
1 2 2 0 0 0 0 0 0
1 2 2 2 0 0 0 0 1
1 2 2 3 0 0 0 1 1
1 2 2 0 50 50 50 50 0
1 2 2 1 0 0 1 2 1
1 2 2 2 1 0 0 0 1
1 2 2 2 0 0 0 0 1
1 2 2 2 0 0 0 1 1
1 2 2 0 0 0 0 0 0
1 1 2 0 0 0 0 0 0
1 2 2 1 0 0 0 1 1
1 2 2 0 0 0 0 3 0
1 2 2 2 0 0 0 0 1
1 2 2 2 0 0 0 0 1
0 0 2 0 0 0 0 0 0
1 2 2 0 0 0 0 0 0
1 2 2 0 0 0 0 0 0
1 2 2 0 7 0 0 1 1
1 2 2 0 50 50 50 50 0
1 2 2 0 0 0 0 4 0
1 1 1 0 0 0 0 0 0
1 2 2 4 0 0 0 0 1
1 2 2 3 0 0 0 0 1
1 1 0 0 0 1 2 0 0
1 2 2 2 0 0 0 0 1
1 2 2 0 0 0 0 0 0
1 2 2 1 2 0 0 1 1
1 2 2 0 0 0 6 0 0
1 2 2 1 0 0 0 1 0
1 3 2 1 50 50 50 50 0
1 2 2 0 0 0 0 1 0
1 2 2 0 50 50 50 50 0
1 2 2 1 0 0 0 0 0
1 2 2 0 0 0 0 0 0
1 2 2 1 0 0 1 1 1
1 2 2 0 0 0 0 0 0
1 2 2 0 2 0 0 0 0
1 2 2 2 0 2 0 0 1
1 2 2 1 0 0 0 0 1
1 2 2 2 0 0 0 2 1
1 1 2 0 1 0 2 0 0
1 2 2 1 0 0 0 0 0
1 1 2 0 0 0 0 0 0
1 2 2 1 3 0 1 1 1
1 2 2 0 0 0 0 8 0
1 2 2 1 0 0 0 0 0
1 2 2 0 0 0 0 0 0
1 2 2 0 0 0 0 0 0
1 2 2 0 0 0 0 0 0
1 2 2 0 18 0 3 3 1
1 2 2 0 2 0 0 0 0
1 2 2 0 3 0 1 7 0
1 2 2 1 0 0 0 6 1
1 2 2 0 0 0 0 0 0
1 2 2 1 0 0 1 6 0
1 2 2 1 0 0 0 5 1
1 2 2 2 0 0 0 0 0
1 2 2 0 50 50 50 50 0
1 2 2 0 0 0 0 0 1
1 2 2 1 0 0 0 0 0
1 2 2 0 50 50 50 50 0
1 2 2 1 3 0 0 2 0
1 2 2 0 50 50 50 50 0
1 2 2 1 0 0 0 1 0
1 2 2 1 4 0 1 8 1
1 2 2 0 20 0 0 4 0
1 2 2 0 50 50 50 50 0
1 2 2 1 0 0 2 1 0
1 2 2 0 0 0 0 2 0
1 2 2 0 0 0 0 0 0
0 0 2 0 0 0 0 0 0
1 2 2 0 0 0 0 0 0
1 2 2 0 4 0 0 0 0
1 2 2 1 0 0 0 0 0
1 2 2 0 0 0 0 0 0
1 2 2 0 0 0 0 2 0
1 2 1 1 0 0 0 0 0
1 2 2 1 0 0 0 0 1
1 2 2 1 0 0 0 2 0
1 2 2 1 0 0 0 1 0
1 2 2 0 0 0 0 0 0
1 2 2 0 50 50 50 50 0
1 2 2 0 1 0 0 1 0
1 2 2 0 1 0 0 1 0
1 1 2 0 50 50 50 50 0
1 2 2 3 0 0 0 0 1
1 2 2 0 50 50 50 50 0
1 2 2 0 6 0 1 2 0
1 2 2 0 50 50 50 50 0
1 2 2 1 0 0 1 6 0
1 2 2 0 0 0 0 0 0
0 0 2 0 0 0 0 0 0
1 2 2 0 50 50 50 50 0
1 2 2 0 0 0 0 0 0
1 2 2 0 0 0 0 0 0
0 0 2 0 0 0 0 0 0
1 2 2 1 0 0 0 0 0
1 2 2 1 50 50 50 50 0
1 2 2 0 0 0 0 2 0
1 2 2 0 5 0 0 1 0
1 2 2 0 0 0 1 0 0
1 2 2 2 50 50 50 50 0
1 2 2 0 5 0 0 7 0
1 2 2 0 1 0 43 7 0
1 2 2 0 0 0 0 0 0
1 2 2 1 2 0 0 1 0
1 2 2 0 0 1 0 0 0
1 2 2 0 0 0 0 0 0
1 2 2 0 0 0 0 0 0
1 2 2 0 0 0 0 0 0
1 2 2 0 50 50 50 50 0
1 1 2 0 1 0 0 1 0
1 2 2 0 50 50 50 50 0
1 2 2 1 0 0 1 0 0
1 2 2 0 50 50 50 50 0
1 2 2 0 0 0 0 1 0
1 2 2 2 0 0 0 1 0
1 1 2 1 0 0 0 0 0
1 2 2 0 50 50 50 50 0
1 2 2 1 1 0 0 0 1
1 2 2 0 0 0 1 0 0
1 2 2 4 0 0 1 0 1
1 1 2 0 0 0 0 0 0
1 2 2 0 50 50 50 50 0
1 2 2 0 0 0 0 0 0
1 2 2 0 0 0 0 0 0
1 2 2 3 0 0 0 2 0
1 2 2 3 0 0 0 0 1
1 2 2 0 50 50 50 50 0
1 2 2 0 50 50 50 50 0
1 1 2 0 0 0 0 0 0
1 1 2 0 50 50 50 50 0
1 1 2 0 0 0 2 1 0
1 1 2 0 5 0 0 4 0
0 0 2 0 0 0 0 1 0
1 2 2 0 0 1 1 0 0
1 2 2 0 1 0 1 0 0
1 1 0 0 0 0 0 0 0
1 2 2 0 0 0 0 0 0
1 2 2 1 0 0 0 1 1
1 2 2 0 50 50 50 50 0
1 2 2 0 50 50 50 50 0
1 2 2 1 0 0 1 1 1
1 3 2 0 1 0 3 1 0
1 2 2 1 0 6 1 4 1
1 2 2 1 0 0 0 1 0
1 1 2 0 50 50 50 50 0
1 1 2 0 0 0 0 0 0
1 2 2 1 1 0 0 1 1
1 2 2 0 14 7 4 12 0
1 2 2 2 6 0 3 0 1
1 2 2 1 0 0 0 0 1
1 2 2 1 1 0 0 1 0
1 2 2 0 0 0 0 0 0
1 2 2 0 1 0 0 2 0
1 2 2 5 0 0 0 0 1
1 2 2 1 0 0 0 0 1
1 2 2 0 1 0 2 0 0
0 0 0 1 0 0 1 0 0
1 2 2 1 0 1 0 2 0
1 2 2 0 50 50 50 50 0
1 2 2 2 0 0 0 0 0
1 2 2 2 0 0 0 0 1
1 2 2 0 0 0 0 0 0
1 2 2 0 0 0 0 0 1
1 2 2 1 0 0 1 0 0
1 2 2 2 0 0 0 0 1
1 2 2 0 0 0 0 0 0
1 2 2 1 0 0 0 4 1
1 3 2 0 0 0 0 0 0
1 2 2 0 0 0 0 1 1
1 2 2 0 0 0 0 0 1
1 1 2 0 0 0 0 0 0
1 2 1 0 0 0 0 0 0
1 2 2 0 0 0 0 0 0
1 2 2 1 0 0 0 0 0
1 2 2 2 0 0 0 0 1
1 2 2 0 0 0 0 0 0
1 2 2 0 0 0 0 0 0
1 2 2 0 0 0 0 0 1
1 2 2 1 1 0 0 2 0
1 2 2 4 0 0 0 0 1
1 1 2 0 0 0 0 0 0
1 2 2 1 0 0 1 0 0
1 2 2 1 1 0 3 2 0
1 2 2 0 0 0 1 1 0
1 2 2 1 0 0 0 1 1
1 2 2 0 50 50 50 50 0
1 2 2 0 0 0 0 0 0
1 1 2 0 0 0 0 0 0
1 2 2 0 0 0 0 0 0
1 2 2 0 0 0 0 0 1
1 2 0 0 1 0 0 1 0
1 2 2 1 0 0 0 0 1
1 2 2 1 1 0 1 2 1
1 2 2 0 0 0 0 0 1
1 2 2 0 0 0 0 0 0
1 1 2 1 50 50 50 50 0
1 2 2 3 0 0 0 1 1
1 2 2 0 0 0 0 0 0
1 2 2 0 0 0 0 0 1
1 2 2 0 0 0 0 0 0
1 2 2 0 0 0 0 0 0
1 2 2 0 3 3 1 1 0
1 2 2 2 0 0 0 0 1
1 2 2 1 0 0 0 0 1
1 2 2 0 0 0 0 1 0
1 2 2 2 6 0 3 1 1
1 1 2 0 0 0 0 0 0
1 2 2 0 0 0 1 0 0
1 2 2 1 0 0 0 0 1
1 2 2 0 0 0 0 3 0
1 1 2 2 0 0 0 1 1
1 2 2 1 0 0 0 0 0
1 2 2 2 0 0 0 0 1
1 2 2 0 0 0 1 0 0
1 2 2 2 0 0 0 0 1
1 1 2 0 0 0 0 1 0
1 1 2 0 0 0 0 1 0
1 2 2 0 50 50 50 50 0
1 2 2 0 1 0 1 1 0
1 2 2 1 0 0 0 0 1
1 2 2 0 0 0 0 0 0
1 2 2 0 0 0 2 2 1
1 2 2 0 0 0 0 0 0
1 1 2 0 0 0 0 4 0
1 2 2 0 0 0 0 0 1
1 2 2 0 50 50 50 50 0
1 2 2 1 0 0 0 0 0
1 2 2 0 0 0 0 0 1
1 2 2 1 0 0 0 1 0
1 2 2 2 0 0 0 1 1
1 2 2 2 0 0 1 1 1
1 2 2 1 0 0 0 0 0
1 2 2 1 0 0 0 0 0
1 2 2 2 0 0 0 0 0
1 2 2 0 0 0 0 0 0
1 2 2 0 0 0 2 1 0
1 2 2 0 0 0 0 0 0
1 2 2 0 0 0 2 1 1
1 2 2 1 0 0 0 1 0
1 2 2 1 0 0 0 0 1
1 2 2 0 1 0 0 1 0
0 0 2 0 0 0 0 0 0
1 2 2 0 0 0 0 50 1
1 2 2 1 0 0 0 3 0
1 2 2 0 50 50 50 50 1
1 2 2 1 0 0 0 0 0
1 2 2 0 0 0 0 0 0
1 2 2 1 0 0 0 0 1
1 1 2 0 0 0 0 0 0
1 2 2 0 0 0 0 0 0
1 2 2 1 1 1 1 47 1
1 2 2 0 0 0 0 0 0
1 2 2 1 5 1 10 0 0
1 2 2 1 0 0 0 0 0
1 2 2 0 0 0 0 8 0
1 2 2 0 0 0 0 0 0
1 1 2 0 0 0 0 0 0
1 2 2 1 1 0 1 0 1
1 2 2 0 0 0 0 0 0
1 2 2 0 0 0 0 0 0
1 2 2 1 0 0 0 0 0
1 1 2 0 0 0 0 0 0
1 1 2 0 0 0 0 0 0
1 1 2 0 50 50 50 50 0
1 2 2 2 0 0 0 0 0
1 2 2 4 0 0 0 0 1
1 2 2 0 0 0 0 0 0
1 2 2 0 27 0 0 8 1
1 2 2 0 0 0 0 0 0
1 2 2 1 0 1 0 3 0
1 2 2 1 0 0 0 0 0
1 1 2 0 0 0 0 1 0
1 2 2 1 0 0 0 4 1
1 2 2 3 0 0 43 7 1
1 2 2 0 0 2 0 2 1
1 2 2 0 0 0 0 0 0
1 1 2 0 0 0 0 0 0
1 2 2 0 0 0 0 0 0
1 2 2 0 0 0 0 7 0
1 2 2 3 0 0 0 2 1
1 2 2 4 0 0 0 0 0
1 2 2 2 0 0 0 0 1
1 2 2 1 0 0 0 0 0
1 2 2 3 0 0 0 0 1
1 2 2 4 0 0 0 0 1
1 2 2 2 0 2 0 0 1
1 3 2 1 0 0 0 0 1
1 2 2 3 0 0 0 0 1
1 2 2 0 0 0 0 3 0
1 2 2 0 0 0 0 0 1
1 2 2 2 0 0 0 7 1
1 2 2 0 0 0 0 3 0
1 3 2 2 0 0 0 0 1
1 2 2 1 0 0 0 3 0
0 0 2 0 50 50 50 50 0
1 2 2 3 0 0 0 0 1
1 3 2 2 0 0 0 0 1
1 3 2 0 0 1 0 0 0
1 2 2 0 50 50 50 50 0
1 2 2 1 0 0 0 0 0
1 3 0 1 0 0 0 0 0
1 2 2 0 50 50 50 50 0
1 3 2 1 0 0 0 0 1
1 2 2 1 0 0 0 2 0
1 2 2 1 0 0 0 9 1
1 3 2 1 0 0 0 1 1
1 2 2 2 0 0 0 0 1
1 2 2 0 0 0 1 10 0
1 2 2 3 0 0 0 0 0
1 2 2 0 0 0 0 0 0
1 2 2 1 0 0 0 2 0
1 2 2 1 0 1 0 1 1
1 2 2 3 0 0 0 0 1
1 2 2 0 0 0 0 0 0
1 2 2 0 0 0 0 0 0
1 3 2 1 0 0 0 0 0
1 2 2 2 0 0 0 0 1
1 2 2 2 0 0 0 0 1
1 2 2 1 0 0 45 5 0
1 3 2 1 0 0 0 0 1
1 2 2 0 50 50 50 50 0
1 2 2 0 2 0 6 1 0
1 2 2 2 0 0 0 5 0
1 3 2 0 0 0 0 1 0
0 0 0 0 1 0 1 1 0
1 2 2 0 0 0 0 0 0
1 2 2 0 0 0 0 0 0
1 2 2 0 0 0 0 0 0
1 1 2 0 0 0 0 0 0
1 2 2 0 0 0 0 1 1
1 2 1 0 0 0 0 1 0
1 2 2 1 0 0 0 0 1
1 1 2 0 0 0 0 0 0
1 1 2 0 0 0 0 1 0
1 2 2 1 1 0 0 0 1
1 2 2 0 0 1 6 6 0
1 2 2 1 0 0 0 0 1
1 2 2 0 0 0 0 0 0
1 2 2 1 50 50 50 50 0
1 2 2 0 0 1 0 1 1
1 2 2 0 50 50 50 50 0
1 2 0 2 0 0 0 0 1
1 2 2 0 0 0 4 3 0
1 2 1 0 0 0 0 0 1
1 2 2 3 0 0 0 1 1
1 1 2 0 0 0 0 1 0
1 2 2 1 3 0 0 1 1
1 1 2 0 0 0 0 0 0
1 2 2 2 1 0 47 3 1
1 2 2 1 0 0 0 0 1
1 2 2 0 0 0 0 1 0
1 2 2 1 9 0 1 1 0
1 2 2 1 0 1 0 0 0
1 2 2 0 2 0 1 0 0
1 2 2 1 2 0 48 0 0
1 2 2 0 5 0 4 0 0
1 2 2 0 0 0 0 0 0
1 2 2 0 0 0 0 0 0
1 2 2 1 0 0 0 0 0
1 2 2 1 0 0 0 0 0
1 2 2 2 0 0 1 1 0
1 2 2 2 0 0 0 0 1
1 2 2 2 3 0 0 0 1
1 2 2 1 0 0 0 0 0
1 2 2 1 0 1 0 2 0
1 2 2 0 0 0 0 0 1
1 2 2 0 0 0 0 1 0
1 2 2 0 0 0 0 0 0
1 2 2 1 0 0 0 0 0
1 2 2 1 1 0 0 0 1
1 2 2 1 0 0 0 0 0
1 2 2 0 2 0 0 9 0
1 2 2 0 0 0 0 0 0
1 2 2 0 50 50 50 50 0
1 2 2 0 0 0 0 0 0
1 2 2 1 4 0 0 1 0
0 0 2 0 50 50 50 50 0
1 2 2 0 0 0 0 0 0
1 2 2 1 0 0 0 1 0
1 2 2 0 0 0 0 0 0
1 2 2 2 0 0 3 4 0
1 2 2 1 1 0 0 0 0
1 2 2 0 50 50 50 50 0
1 3 2 1 13 0 0 9 1
1 2 2 0 0 0 0 0 1
1 2 1 0 0 0 0 0 0
1 2 2 0 0 0 0 0 0
1 2 2 0 0 0 0 0 0
0 0 2 1 50 50 50 50 0
1 2 2 1 0 0 0 1 1
1 2 2 0 0 0 0 0 1
1 2 2 0 0 0 0 0 0
1 3 2 0 0 0 0 0 0
1 2 2 0 50 50 50 50 0
1 2 2 0 50 50 50 50 0
1 2 2 0 50 50 50 50 0
1 2 2 1 28 3 0 4 0
1 2 2 0 0 0 0 0 0
1 2 2 0 0 0 1 0 0
1 2 2 0 0 0 0 1 0
1 2 2 0 0 0 2 0 1
1 2 2 0 0 0 0 0 0
1 1 2 0 0 0 0 0 0
1 2 2 0 0 0 0 0 0
0 0 2 0 50 50 50 50 0
1 2 2 0 0 0 0 1 1
1 2 2 0 26 0 1 0 0
1 2 2 0 50 50 50 50 0
1 2 2 1 0 0 1 0 1
1 2 2 0 50 50 50 50 0
1 1 2 0 1 0 0 1 0
1 1 1 0 50 50 50 50 0
1 2 2 0 50 50 50 50 0
1 2 2 1 0 0 0 0 0
1 1 2 0 50 50 50 50 0
1 1 2 0 0 0 0 1 0
1 2 2 1 0 0 0 0 1
1 2 2 0 0 0 0 0 0
1 1 2 0 0 0 1 0 0
1 1 1 0 0 0 0 6 0
1 2 2 2 0 0 0 0 0
0 0 1 1 1 0 4 2 0
1 2 2 0 4 0 5 1 1
1 2 2 0 50 50 50 50 0
1 2 2 1 5 0 4 2 1
1 2 2 3 0 0 1 0 1
1 2 2 0 0 0 0 0 0
1 2 2 0 1 0 0 0 0
1 1 2 0 0 0 0 0 0
0 0 1 0 0 0 1 0 0
1 2 2 0 0 0 0 0 0
1 1 2 0 50 50 50 50 0
0 0 1 0 50 50 50 50 0
1 1 1 0 50 50 50 50 0
1 2 1 0 0 0 0 0 0
1 2 2 0 50 50 50 50 0
1 2 2 2 1 0 0 1 1
1 2 2 0 0 0 0 0 0
1 2 2 0 0 2 2 1 1
0 0 1 0 0 0 0 0 0
1 2 2 0 0 0 0 0 0
1 2 2 0 0 0 0 0 0
1 2 2 3 0 0 2 1 1
1 1 2 0 0 0 0 0 0
1 2 2 0 0 0 0 0 0
1 2 0 0 0 0 2 0 0
0 0 1 0 0 0 0 0 0
1 2 2 2 0 0 0 0 1
1 2 2 0 0 0 0 0 1
1 2 2 4 0 0 0 0 1
1 2 2 1 50 50 50 50 0
1 2 2 1 1 0 1 0 1
1 2 2 2 0 0 0 0 0
1 2 2 2 0 0 0 0 1
1 2 2 1 0 0 0 0 1
1 2 2 2 0 0 0 0 1
1 2 2 0 50 50 50 50 0
1 2 2 1 0 0 0 0 0
1 2 2 0 50 50 50 50 0
1 2 2 0 0 0 0 2 1
1 2 2 2 0 0 0 0 1
1 2 2 1 0 0 0 1 1
1 2 2 0 50 50 50 50 1
1 2 2 0 0 0 0 0 0
1 2 2 0 0 0 0 0 0
1 3 2 0 50 50 50 50 0
1 2 2 1 0 0 0 0 1
1 2 1 3 0 0 0 0 1
1 2 2 0 0 0 0 0 0
1 2 2 4 0 0 0 0 1
1 2 2 2 0 0 0 0 0
1 2 1 3 0 0 0 0 1
1 2 2 0 0 0 0 0 0
1 2 2 0 0 0 0 0 0
1 2 2 0 0 0 0 0 0
1 2 2 0 0 0 0 1 0
1 2 2 0 0 0 0 1 1
0 0 2 0 0 0 0 0 0
1 2 2 0 50 50 50 50 0
1 2 2 0 0 0 0 0 1
1 2 2 3 0 0 0 1 0
1 2 2 1 50 50 50 50 1
0 0 1 0 0 0 0 0 1
1 2 2 2 0 0 0 0 1
1 2 2 0 50 50 50 50 0
1 2 2 0 0 0 0 0 0
1 1 2 0 0 0 0 0 0
1 2 2 0 0 0 0 0 0
1 2 2 0 0 0 0 0 1
1 2 0 0 1 0 0 1 0
1 2 2 1 0 0 0 0 1
1 2 2 1 1 0 1 2 1
1 2 2 0 0 0 0 0 1
1 2 2 0 0 0 0 0 0
1 1 2 1 50 50 50 50 0
1 2 2 3 0 0 0 1 1
1 2 2 0 0 0 0 0 0
1 2 2 0 0 0 0 0 1
1 2 2 0 0 0 0 0 0
1 2 2 0 0 0 0 0 0
0 0 2 0 0 0 0 0 0
0 0 2 0 0 0 0 0 0
1 2 2 0 50 50 50 50 0
1 2 2 0 0 0 1 1 0
1 2 2 0 50 50 50 50 0
1 2 2 0 0 0 0 1 0
1 2 2 0 50 50 50 50 0
1 2 2 0 0 0 0 0 0
1 2 2 0 0 0 0 0 0
1 2 2 0 0 0 0 0 0
1 2 2 1 5 0 0 7 1
1 2 2 0 0 0 0 1 0
1 2 2 0 0 0 0 2 0
1 2 2 0 0 0 0 0 1
1 2 2 0 0 0 0 1 1
1 2 2 2 0 0 0 0 1
1 1 2 0 1 0 1 1 0
1 2 2 0 0 0 0 0 0
0 0 0 0 0 0 0 0 0
0 0 2 1 0 0 0 0 0
1 1 2 0 2 0 0 0 0
1 2 2 1 0 0 0 1 0
1 1 2 0 0 0 0 0 0
1 2 2 1 0 0 1 0 0
1 2 2 0 0 0 0 0 0
0 0 0 0 0 0 2 0 0
1 2 2 0 1 0 0 0 0
1 2 2 1 0 0 0 0 1
1 2 2 1 0 0 0 0 0
1 2 2 0 0 0 0 0 0
1 2 2 1 1 0 1 0 1
1 2 2 0 0 0 1 0 1
1 1 2 1 0 0 1 0 0
1 2 2 0 4 0 5 1 1
1 1 2 0 0 0 0 0 0
1 2 2 2 0 0 2 10 0
1 1 0 0 0 0 0 4 0
1 2 2 0 0 1 0 2 0
0 0 2 0 0 0 0 0 0
1 2 2 0 1 0 0 1 1
1 2 2 1 0 0 0 1 0
1 2 2 1 0 0 0 0 1
1 2 2 0 1 1 0 48 0
1 2 2 0 0 0 0 0 0
1 1 2 0 50 50 50 50 0
1 2 2 0 0 0 1 0 1
1 2 2 1 1 0 18 1 1
1 2 2 0 0 0 0 0 0
1 2 2 0 0 0 0 0 1
1 2 2 0 0 0 0 0 0
1 2 2 2 0 0 0 0 1
1 2 2 1 0 0 0 0 1
1 2 2 0 0 0 0 0 0
1 1 2 0 50 50 50 50 0
1 2 2 0 0 0 0 0 0
1 2 2 0 50 50 50 50 0
1 2 2 0 50 50 50 50 0
1 2 2 0 50 50 50 50 0
1 1 2 0 0 0 0 0 0
1 2 2 2 0 0 0 0 1
0 0 2 0 0 0 0 0 0
1 1 2 0 50 50 50 50 0
0 0 2 0 0 0 0 0 0
1 2 2 0 0 0 0 0 0
1 2 2 0 0 0 0 0 0
1 2 2 0 50 50 50 50 0
1 2 2 0 0 0 0 0 0
1 1 2 0 0 0 0 0 0
1 2 2 1 0 0 0 0 0
1 2 2 0 0 0 0 0 0
1 2 0 0 0 0 0 0 0
1 1 2 0 50 50 50 50 0
1 2 2 0 50 50 50 50 0
1 2 2 0 0 0 0 0 1
1 1 2 0 0 0 0 0 0
1 2 2 0 0 0 0 0 0
1 2 2 0 2 0 12 0 0
1 1 2 0 0 0 0 0 0
1 1 2 0 0 0 3 1 0
1 1 2 0 2 0 0 3 0
1 2 2 0 2 0 1 1 1
1 1 2 0 10 1 1 2 0
1 2 2 0 0 0 0 0 0
1 2 2 0 1 0 1 1 1
1 2 2 2 2 1 4 1 0
1 1 2 0 0 0 0 0 0
1 1 2 0 50 50 50 50 0
0 0 2 0 0 0 0 0 0
1 1 2 0 0 0 0 0 0
1 2 2 0 23 0 1 0 0
1 2 2 0 0 0 0 3 0
1 2 2 0 2 0 8 0 0
1 2 2 0 50 50 50 50 0
1 2 2 0 0 0 0 1 0
1 2 2 0 0 0 0 0 0
1 2 2 0 1 0 2 0 1
1 1 2 0 50 50 50 50 0
1 2 2 0 50 50 50 50 0
1 2 2 1 0 1 0 3 0
0 0 2 0 0 0 0 0 0
1 2 2 1 0 0 0 1 1
1 2 2 2 0 2 0 0 1
1 2 2 1 7 2 27 1 0
1 2 2 0 50 50 50 50 0
1 2 2 0 0 0 0 1 0
1 2 2 0 0 0 0 0 0
1 1 2 0 0 0 0 0 0
1 1 2 0 0 0 0 0 0
1 2 2 0 50 50 50 50 0
0 0 0 0 0 0 0 0 0
1 2 2 0 0 0 0 0 0
1 2 2 0 1 0 0 0 0
1 1 2 0 50 50 50 50 0
0 0 2 0 0 0 0 0 0
1 2 2 0 0 0 0 0 1
0 0 2 0 50 50 50 50 0
1 1 2 0 0 0 0 10 0
1 2 2 4 0 0 1 1 1
1 1 2 0 50 50 50 50 0
1 1 1 0 0 0 0 0 0
1 2 2 0 50 50 50 50 0
0 0 2 0 50 50 50 50 0
1 2 2 0 0 0 0 0 0
1 1 2 0 50 50 50 50 0
1 2 2 0 0 0 0 0 0
1 2 2 1 0 0 1 0 0
1 2 2 2 6 0 3 1 1
1 2 2 0 5 0 1 7 0
1 1 2 0 50 50 50 50 0
1 2 2 0 50 50 50 50 0
0 0 2 0 0 0 0 2 0
1 2 2 0 50 50 50 50 0
0 0 2 0 0 0 0 0 0
1 2 2 0 0 0 0 0 0
1 1 2 0 0 0 0 0 0
1 1 2 0 0 0 0 0 0
1 2 2 0 0 0 0 0 0
1 2 2 1 0 0 0 1 0
1 1 2 0 0 0 0 0 0
0 0 1 0 0 0 0 2 0
1 2 2 4 0 0 0 0 1
1 2 2 0 50 50 50 50 0
1 2 2 0 0 0 0 0 0
1 2 2 1 0 0 0 0 0
1 1 2 0 0 0 0 0 0
1 2 2 0 50 50 50 50 0
1 2 2 0 1 0 0 0 0
1 2 2 0 0 0 0 0 0
1 2 2 0 0 0 1 2 1
1 2 2 0 0 0 0 0 1
1 2 2 0 0 0 0 0 1
1 2 2 1 0 0 0 0 0
1 2 1 0 0 0 0 0 1
1 2 2 0 0 0 1 0 0
1 2 1 0 0 0 0 0 1
1 1 2 0 0 0 0 0 0
1 2 2 0 2 0 0 0 0
1 2 2 0 50 50 50 50 0
1 2 2 0 0 0 0 0 0
1 2 2 2 1 1 0 1 1
1 2 2 0 0 0 0 0 0
1 2 2 0 0 0 0 0 0
1 2 2 1 0 0 0 3 0
1 2 2 0 0 0 0 0 0
1 2 2 1 0 0 0 0 1
1 2 2 0 50 50 50 50 0
1 2 2 1 1 1 0 1 0
1 2 2 1 0 0 0 0 0
1 2 2 0 0 0 0 0 0
1 2 2 2 0 0 2 13 1
1 1 2 0 0 0 0 0 0
1 2 2 2 2 0 0 0 1
1 2 2 0 0 0 0 0 0
1 1 2 0 0 0 0 0 0
1 2 2 0 0 0 0 1 0
1 1 2 0 0 0 0 0 0
1 2 2 1 0 0 0 2 0
1 2 1 0 0 0 1 0 0
1 2 2 2 0 0 0 0 1
1 2 2 2 0 0 0 0 0
0 0 1 0 50 50 50 50 0
1 2 2 0 0 0 0 1 0
1 2 2 1 1 0 0 0 0
1 2 2 0 3 0 0 0 0
1 2 2 1 0 0 0 5 1
1 2 2 0 50 50 50 50 0
1 1 2 0 0 0 0 0 0
1 2 2 0 0 0 0 0 0
1 2 2 0 0 0 0 0 0
1 2 2 1 0 0 0 0 0
1 2 2 0 0 0 0 0 0
1 2 2 1 0 0 0 0 0
1 2 2 0 1 0 0 0 0
1 2 0 0 0 0 0 0 0
1 2 2 2 0 0 0 1 1
1 1 2 0 0 0 0 2 0
1 2 2 0 0 0 0 0 0
1 2 2 1 0 0 0 0 0
1 2 2 0 0 0 0 0 0
1 1 2 0 0 3 1 2 0
1 2 2 0 0 0 6 14 0
1 1 2 0 0 0 0 3 0
1 2 2 0 0 0 5 1 0
1 2 2 1 1 1 1 47 1
1 2 2 1 3 0 0 2 0
1 2 2 2 0 0 0 0 1
1 2 2 0 0 0 0 0 1
1 2 2 2 1 0 0 0 1
1 2 2 1 0 0 0 1 1
1 2 2 1 0 0 0 0 0
1 2 2 0 0 0 1 1 0
1 2 2 0 0 0 0 0 0
1 2 2 0 0 0 0 1 0
1 2 2 5 0 0 0 0 1
1 2 2 1 1 0 0 0 1
1 2 2 0 0 0 0 14 1
1 2 2 1 0 0 1 0 1
1 2 2 0 0 0 0 0 0
1 2 2 2 0 0 0 0 1
1 2 2 1 2 1 1 0 0
1 1 2 1 0 0 0 0 0
1 2 2 1 0 0 1 0 0
1 2 2 1 0 0 0 1 1
1 2 2 1 2 0 48 0 0
1 2 2 1 0 0 1 1 0
1 2 2 0 0 0 0 0 0
0 0 2 0 0 0 0 0 0
1 2 2 1 0 0 8 0 0
1 2 2 1 0 0 0 0 1
1 1 2 0 0 0 0 2 0
1 2 2 0 2 0 0 1 1
1 2 2 0 0 0 0 7 1
1 2 2 0 0 0 0 0 0
1 2 2 0 0 0 0 1 0
1 2 2 0 0 0 0 1 0
1 2 2 1 0 0 0 0 0
1 2 2 1 0 0 0 3 1
1 2 2 0 0 0 0 0 1
0 0 2 0 2 1 0 0 0
1 2 2 0 0 0 0 1 1
1 2 2 2 0 0 1 1 0
1 2 2 0 0 0 0 0 0
1 2 2 2 3 0 0 0 1
1 1 2 1 1 0 0 0 0
1 2 2 1 1 0 0 6 1
1 2 2 1 0 0 0 0 0
1 2 2 1 0 0 0 0 0
1 2 2 0 0 0 0 0 1
1 1 2 0 1 1 1 0 0
1 2 2 1 0 0 1 0 0
1 1 2 0 0 0 0 0 0
1 2 2 1 0 0 0 0 0
1 2 2 1 1 0 0 0 1
1 2 2 1 0 0 0 0 0
1 2 2 0 0 0 2 1 0
1 1 2 0 1 0 0 0 0
1 2 2 0 2 0 0 9 0
1 2 2 0 0 0 0 0 0
1 2 2 1 0 0 0 2 1
1 2 2 1 0 0 0 1 0
1 2 2 0 3 3 1 1 0
1 2 2 0 0 0 0 2 0
1 2 2 1 4 0 0 1 0
1 2 2 1 0 0 0 0 1
1 2 2 0 0 0 0 0 0
1 2 2 1 0 0 0 0 0
1 2 2 1 0 0 0 1 0
1 2 2 0 9 0 0 3 0
1 2 2 0 0 0 0 0 0
0 0 1 0 3 0 0 0 0
1 2 2 0 0 0 2 9 1
1 2 2 1 15 0 1 0 1
1 2 2 0 0 0 2 1 1
1 2 2 4 0 0 0 0 1
1 1 2 0 0 0 0 0 0
1 2 2 0 0 0 0 0 0
1 2 2 0 0 0 0 50 1
1 2 2 1 0 0 0 0 0
1 2 2 0 0 0 0 0 0
1 2 2 0 0 0 0 11 1
1 2 2 0 0 0 0 0 0
1 2 2 1 4 0 0 46 1
1 2 2 1 50 50 50 50 0
1 1 2 0 0 0 0 0 0
1 2 2 0 0 0 0 0 1
1 2 2 1 0 0 0 0 1
1 1 2 0 0 0 0 1 0
1 2 2 0 0 0 0 0 0
1 2 2 1 0 0 2 0 0
1 2 2 0 0 0 2 1 0
1 2 2 1 1 0 1 0 1
1 2 2 0 2 0 0 2 1
1 2 2 0 1 0 0 0 0
1 2 2 0 0 0 0 0 0
1 2 2 0 0 1 0 0 0
1 2 2 0 3 0 2 1 0
1 2 2 1 1 0 3 2 0
1 2 2 0 0 0 1 0 1
1 2 2 0 50 50 50 50 0
1 2 2 0 0 0 0 0 0
1 1 2 0 0 0 1 0 0
1 2 2 1 1 0 0 0 1
1 2 1 0 0 0 0 0 1
1 2 2 0 14 2 1 0 1
1 2 2 1 1 0 0 0 0
1 2 2 2 0 0 0 0 1
1 1 2 0 0 0 0 0 0
1 2 2 1 0 0 0 0 1
1 2 2 2 0 0 0 1 0
1 1 2 0 0 0 0 0 0
1 2 2 1 0 0 0 0 0
1 2 2 0 7 0 0 1 1
1 1 2 0 0 0 0 1 0
1 1 1 0 0 0 0 0 0
1 2 2 0 0 0 0 0 0
1 2 2 0 0 0 0 0 1
1 2 2 0 0 0 0 0 0
1 2 2 3 0 0 0 0 1
1 2 2 0 0 0 2 0 1
1 2 2 1 0 0 0 0 1
1 2 2 1 3 0 4 0 1
1 2 2 0 0 0 0 0 0
1 2 2 0 0 1 0 0 1
1 2 1 0 0 0 0 3 0
1 2 2 1 0 0 0 0 1
0 0 2 0 0 0 0 0 0
1 2 2 0 0 0 0 0 0
1 2 2 1 15 0 0 0 1
1 1 2 1 0 0 0 0 0
1 2 2 4 0 0 0 0 1
1 2 2 3 0 1 1 1 1
1 2 2 0 0 0 0 0 0
1 2 2 0 0 0 0 0 0
0 0 1 0 0 0 0 1 0
1 2 2 4 0 0 1 0 1
1 2 2 0 1 0 1 0 1
1 2 2 3 0 0 2 2 0
1 2 2 1 0 0 0 1 1
1 2 2 0 0 1 0 1 1
1 2 2 0 0 0 0 0 0
1 2 2 0 0 0 0 0 1
1 2 2 1 0 0 1 2 1
1 1 2 0 0 0 0 0 0
1 2 2 0 1 0 1 0 0
1 2 2 1 0 0 0 1 1
1 2 2 0 34 0 0 0 1
1 2 2 0 0 0 1 0 1
1 1 2 0 0 0 0 1 0
1 2 2 1 0 0 0 0 0
1 2 2 0 0 0 0 0 0
1 2 2 0 2 0 0 1 0
1 2 2 1 2 0 0 0 1
1 2 2 0 0 0 0 0 0
1 2 2 0 0 0 0 0 0
1 1 2 0 0 0 0 0 0
0 0 2 0 0 0 0 0 0
1 2 2 1 0 0 0 0 0
1 1 2 0 0 0 0 0 0
0 0 1 0 0 0 0 0 0
1 2 2 0 0 0 0 0 0
0 0 2 0 0 0 0 0 0
0 0 2 0 0 0 0 0 0
1 2 2 0 0 0 7 0 1
1 2 2 0 0 0 0 0 1
1 2 2 0 0 0 1 0 0
1 2 2 1 0 1 2 0 1
1 2 2 0 50 50 50 50 0
1 2 2 1 2 0 0 1 1
1 2 2 1 0 0 0 0 1
0 0 1 0 0 0 0 0 0
0 0 1 0 0 0 0 2 0
1 3 2 1 0 0 0 0 1
1 2 2 1 0 0 1 0 0
1 2 2 1 0 0 0 0 1
1 1 2 0 2 0 1 0 0
1 1 2 0 1 0 0 0 0
1 2 2 3 0 0 1 0 1
1 1 2 0 0 0 0 4 0
1 2 2 0 0 0 0 0 0
1 2 2 0 0 0 1 1 0
1 2 2 0 0 0 0 0 0
1 2 2 0 50 50 50 50 0
1 2 2 4 0 0 0 1 1
0 0 0 2 1 0 1 48 0
1 2 2 0 0 0 0 0 0
1 2 2 2 0 0 0 0 0
1 2 1 1 0 0 0 0 0
1 2 2 0 5 0 0 1 0
1 2 2 2 5 0 0 0 0
1 2 2 0 0 0 0 0 0
1 2 2 0 0 0 1 1 0
0 0 2 0 5 0 0 0 0
1 2 2 0 0 0 0 0 0
1 2 1 2 0 0 0 0 1
1 2 2 1 3 0 0 0 1
1 2 2 0 0 0 0 0 0
1 2 2 1 0 0 0 0 0
1 2 2 1 0 0 0 1 0
1 2 2 1 0 0 0 1 1
0 0 1 0 0 0 0 0 0
1 2 2 1 0 0 0 0 1
1 2 0 0 0 0 0 0 0
1 2 2 1 6 0 0 1 0
1 2 2 0 0 0 0 1 0
0 0 2 0 0 0 0 0 0
1 1 1 0 50 50 50 50 0
0 0 2 0 50 50 50 50 0
1 2 2 0 0 0 11 9 0
1 2 2 0 0 0 0 0 0
1 2 2 0 0 0 0 0 0
0 0 2 0 0 0 0 0 0
1 2 2 0 0 0 1 0 0
0 0 2 0 0 0 0 0 0
1 2 2 0 0 0 0 0 0
1 2 2 0 0 0 0 0 0
1 2 2 0 50 50 50 50 0
1 2 2 0 0 0 0 0 0
1 2 2 0 0 0 0 0 0
1 2 2 0 0 0 0 0 0
1 2 2 0 0 0 0 0 0
1 2 2 0 50 50 50 50 0
1 1 0 0 0 0 0 0 0
0 0 2 0 0 0 0 0 0
1 2 2 1 0 0 0 0 1
1 2 2 0 0 0 0 0 0
1 1 2 0 0 0 0 0 0
1 2 2 0 0 0 0 0 0
1 1 2 0 50 50 50 50 0
1 1 2 0 50 50 50 50 0
1 2 2 0 0 0 0 0 0
1 2 2 0 0 0 4 0 0
1 2 2 0 0 0 0 0 0
1 2 2 3 0 0 0 0 1
1 2 2 0 0 0 0 0 0
1 2 2 0 50 50 50 50 0
1 2 2 0 50 50 50 50 0
1 2 2 0 5 0 0 1 0
1 2 2 2 1 0 1 1 1
1 2 2 0 0 0 0 0 1
0 0 2 2 0 0 2 3 0
1 2 2 1 3 0 1 1 1
1 2 2 2 0 0 1 1 1
1 2 2 1 4 0 4 1 0
1 2 1 0 0 0 0 0 0
1 2 2 1 0 0 0 3 1
1 2 2 1 0 0 0 0 0
1 1 2 0 1 0 0 3 0
1 2 2 0 0 1 0 0 0
1 2 2 1 1 0 0 4 0
1 2 2 1 0 0 0 6 1
1 2 2 0 50 50 50 50 0
1 2 2 0 0 0 0 0 0
1 2 2 0 2 0 0 0 1
0 0 1 0 50 50 50 50 0
1 2 2 0 0 0 0 0 0
1 2 2 0 0 0 0 1 0
1 1 2 0 50 50 50 50 0
1 2 2 0 0 0 0 0 0
1 2 2 0 50 50 50 50 0
1 1 2 0 1 0 0 0 0
1 1 2 0 50 50 50 50 0
0 0 2 0 0 0 0 0 0
1 1 2 0 50 50 50 50 0
1 1 2 0 0 0 0 0 0
1 2 2 0 0 0 0 0 0
1 2 2 0 0 0 0 0 0
1 2 2 0 0 0 0 0 1
1 2 2 2 0 1 0 1 1
1 2 2 0 0 0 0 0 0
0 0 0 0 50 50 50 50 0
1 2 2 1 0 0 0 5 1
1 2 2 0 50 50 50 50 1
1 2 2 0 0 0 0 1 1
1 2 2 1 0 0 0 0 1
1 1 2 0 0 0 0 0 0
1 2 2 0 0 0 23 3 0
1 2 2 0 1 0 0 0 0
1 2 2 1 0 0 0 0 1
1 2 2 1 5 1 10 0 0
1 2 2 1 0 0 0 0 0
1 2 2 2 0 0 0 0 0
1 2 2 2 0 0 0 0 1
1 2 2 1 6 0 1 1 0
1 2 2 1 0 0 0 0 0
1 2 2 0 2 0 2 2 1
1 2 2 0 50 50 50 50 0
1 2 2 0 0 0 2 2 0
1 2 2 0 0 0 0 0 0
1 2 2 2 6 2 2 2 0
1 2 2 1 0 0 0 0 0
1 2 2 1 0 0 0 0 0
1 2 2 0 0 0 0 0 0
1 3 2 1 0 0 0 0 0
1 2 2 0 50 50 50 50 0
1 1 2 0 0 0 0 0 0
1 1 2 0 50 50 50 50 0
1 2 2 0 0 0 0 0 0
1 2 2 0 0 0 0 0 0
1 2 2 1 5 0 0 0 1
1 2 2 0 0 0 0 0 0
1 2 2 0 50 50 50 50 0
0 0 0 0 0 0 0 0 0
1 2 2 0 0 0 0 0 0
1 2 2 0 50 50 50 50 0
1 2 2 1 0 0 0 0 1
1 2 2 1 0 0 1 0 0
1 2 2 0 0 0 0 0 0
1 2 2 0 50 50 50 50 0
1 2 2 0 0 0 0 0 0
0 0 0 0 0 0 0 0 0
1 1 2 0 0 0 0 0 0
1 1 2 0 0 0 49 1 0
1 2 2 0 0 0 0 1 1
1 2 2 0 0 0 1 2 0
0 0 2 0 0 0 0 0 0
1 2 2 0 0 0 1 1 0
1 2 2 0 1 0 0 0 1
1 2 0 0 0 0 0 0 0
1 2 2 0 36 10 3 1 0
1 2 2 0 2 0 0 2 0
1 2 2 0 0 0 1 4 0
0 0 2 0 0 0 0 0 0
1 2 2 0 0 0 0 0 0
1 2 2 0 0 0 0 0 0
1 2 2 0 0 0 0 1 0
1 2 2 0 0 0 0 0 0
1 2 2 0 50 50 50 50 0
1 2 2 0 0 0 0 0 1
1 2 2 0 0 0 0 0 0
1 2 2 0 0 0 0 2 0
1 2 2 0 0 0 9 1 1
1 1 2 0 50 50 50 50 0
1 2 2 0 50 50 50 50 0
1 2 2 2 1 0 1 3 1
1 1 2 0 2 0 0 1 0
1 2 2 0 50 50 50 50 0
1 1 2 0 9 0 2 6 0
1 2 2 0 0 0 0 1 0
1 2 2 0 0 0 0 0 1
1 2 1 0 50 50 50 50 0
1 2 2 0 50 50 50 50 0
1 2 2 0 50 50 50 50 0
1 1 0 0 0 0 0 3 0
1 2 2 2 0 0 0 5 1
1 2 1 0 50 50 50 50 0
1 1 2 0 0 0 0 0 0
1 1 2 0 0 0 0 0 0
1 2 2 0 0 0 0 0 0
1 2 2 0 50 50 50 50 0
1 1 2 0 11 0 0 3 0
1 1 2 0 50 50 50 50 0
1 2 2 0 50 50 50 50 0
1 1 2 0 3 0 1 0 0
1 2 2 0 50 50 50 50 1
1 2 1 0 0 0 0 0 0
1 1 2 0 50 50 50 50 0
1 2 0 0 0 0 0 0 0
0 0 1 0 0 0 3 0 0
1 2 2 0 0 7 0 8 0
0 0 0 0 0 0 0 0 0
1 2 2 0 3 8 0 0 0
1 2 1 0 0 0 0 0 0
0 0 2 0 1 0 0 1 0
1 2 2 0 0 0 0 0 0
1 2 0 2 0 0 0 0 1
0 0 2 0 0 0 0 0 0
1 2 2 0 50 50 50 50 0
0 0 1 0 50 50 50 50 0
0 0 2 0 50 50 50 50 0
0 0 2 0 0 0 0 0 0
1 2 2 0 50 50 50 50 1
1 2 2 0 0 0 0 0 0
1 2 2 0 0 0 0 0 0
1 2 2 0 50 50 50 50 0
1 1 2 0 0 0 0 4 0
0 0 2 0 50 50 50 50 0
1 2 2 0 0 0 0 0 0
1 2 2 0 0 0 0 0 0
1 2 2 0 50 50 50 50 0
1 2 2 1 0 0 0 7 0
1 2 2 0 50 50 50 50 0
1 1 2 0 0 0 0 0 0
0 0 2 0 0 0 0 0 0
1 2 2 0 0 0 0 0 1
1 2 2 0 50 50 50 50 0
1 1 2 0 0 0 0 4 0
1 2 2 0 0 0 0 0 0
1 1 1 0 0 0 0 0 0
1 2 2 0 0 1 1 48 1
1 2 2 0 0 0 0 0 0
1 2 2 0 50 50 50 50 0
0 0 1 0 0 0 0 0 0
1 2 2 0 0 0 0 0 1
1 1 2 0 3 1 0 0 0
1 1 2 0 0 0 0 2 0
1 2 2 0 0 0 0 7 0
1 2 2 0 50 50 50 50 0
1 1 1 0 0 0 0 0 0
1 1 2 0 0 0 0 0 0
1 1 2 0 0 0 0 0 0
0 0 1 0 50 50 50 50 0
1 2 2 0 0 0 0 0 0
1 2 2 0 0 0 4 0 0
1 2 2 0 0 0 0 0 0
1 2 2 0 0 0 0 0 0
1 1 2 0 50 50 50 50 0
0 0 2 0 0 0 30 0 0
0 0 2 0 50 50 50 50 0
1 2 2 0 0 0 0 0 0
1 2 2 0 0 0 0 0 0
1 2 2 0 0 0 0 0 0
1 2 2 0 0 0 0 0 0
1 1 2 0 0 0 0 1 0
1 2 2 0 0 0 0 0 0
1 2 0 0 0 0 0 0 0
1 2 2 0 0 0 0 0 0
1 2 2 1 0 0 0 0 0
1 2 2 0 50 50 50 50 1
1 2 2 0 50 50 50 50 0
1 1 2 0 0 0 0 3 0
1 2 2 0 0 0 0 0 0
1 2 2 0 0 0 0 0 0
1 2 2 0 0 0 0 0 0
1 1 2 0 50 50 50 50 0
1 2 2 0 0 0 2 2 0
1 2 2 0 0 0 0 1 0
1 2 2 0 0 0 0 0 0
1 2 2 1 0 0 0 1 1
1 1 2 0 0 0 0 0 0
1 2 2 1 2 0 0 0 0
1 2 2 2 0 0 0 0 1
1 2 2 3 0 0 0 5 0
1 3 2 0 0 0 0 2 0
1 2 2 0 50 50 50 50 0
1 2 2 0 0 0 0 2 0
1 2 2 0 50 50 50 50 0
1 2 2 2 0 0 0 1 0
1 2 2 0 0 0 0 0 1
1 2 2 0 0 0 0 9 0
1 2 2 0 50 50 50 50 0
0 0 2 0 3 0 0 3 0
1 2 2 0 0 0 0 0 0
1 3 2 0 50 50 50 50 0
1 2 2 3 0 0 0 0 1
1 3 2 0 0 0 0 2 0
0 0 2 0 0 0 0 0 0
1 2 2 1 0 0 0 0 1
1 2 1 3 0 0 0 2 1
1 2 2 0 0 0 0 1 0
1 2 1 0 0 0 0 0 0
1 2 1 1 0 0 0 0 1
0 0 1 0 0 0 0 0 0
0 0 1 0 0 0 0 3 0
0 0 2 0 0 0 0 0 0
1 2 0 0 0 0 0 0 1
1 3 2 1 0 0 0 0 0
1 2 2 4 0 0 0 0 1
1 2 2 2 0 0 0 1 1
0 0 0 0 0 0 6 2 0
1 2 2 3 0 1 1 1 1
1 2 2 0 0 0 1 49 0
1 2 1 3 0 0 0 0 1
1 2 2 1 0 0 0 1 0
1 2 2 0 4 1 1 2 0
0 0 1 0 0 0 0 0 0
0 0 1 0 0 0 0 0 0
0 0 0 0 0 0 0 0 0
0 0 1 0 50 50 50 50 0
1 2 1 3 0 0 0 0 1
1 2 2 4 0 0 0 0 1
1 2 2 0 0 0 0 1 0
1 2 2 0 0 0 0 0 1
1 2 2 2 0 0 0 0 0
0 0 2 0 0 0 0 0 0
1 2 2 0 0 0 0 0 0
1 1 2 0 0 0 0 0 0
1 2 2 1 0 0 0 0 0
1 2 2 3 0 0 0 1 1
1 2 2 2 0 0 9 5 0
1 2 2 2 0 1 0 0 0
1 2 2 0 0 0 0 0 0
1 2 2 1 0 0 0 6 1
1 2 2 2 0 0 0 0 1
1 2 2 1 0 0 0 0 0
1 2 2 1 3 0 3 1 0
1 2 2 1 1 0 18 1 1
1 2 1 2 0 0 0 0 1
1 2 2 1 0 0 0 1 1
1 2 2 0 0 0 0 0 0
1 2 2 1 0 0 0 0 0
1 2 2 0 2 0 0 0 0
0 0 2 0 0 0 0 0 0
1 2 2 2 0 0 0 0 1
1 2 2 0 0 0 0 0 0
1 2 2 0 0 0 0 0 0
1 2 2 0 50 50 50 50 0
0 0 2 0 14 0 2 1 0
1 2 2 0 0 0 0 0 0
1 2 2 0 0 0 1 0 0
1 2 2 2 0 0 0 0 1
1 2 2 0 1 0 0 0 0
1 2 0 4 0 0 0 0 0
1 2 2 0 50 50 50 50 0
1 3 2 0 0 0 1 0 0
1 2 2 3 0 0 0 0 1
0 0 1 0 0 0 0 0 0
1 2 1 0 1 0 1 0 1
0 0 1 0 50 50 50 50 0
0 0 1 0 0 0 0 0 0
0 0 1 0 0 0 0 0 0
0 0 1 0 0 0 0 0 0
0 0 1 0 0 0 0 0 1
0 0 1 0 0 0 0 0 0
0 0 1 0 0 0 0 0 1
0 0 1 0 0 0 0 2 1
0 0 0 0 0 0 0 50 0
0 0 1 0 0 0 0 0 0
0 0 1 0 0 0 0 0 0
0 0 1 0 0 0 0 0 0
1 2 2 0 50 50 50 50 0
1 2 2 0 1 0 0 5 1
1 1 2 0 2 0 2 0 0
1 1 2 0 0 0 0 0 0
1 2 2 1 1 0 1 0 0
1 2 2 0 0 0 0 0 0
1 2 2 0 0 0 0 0 0
1 2 2 0 0 0 0 0 0
1 2 2 3 0 0 1 0 1
1 2 2 0 50 50 50 50 1
1 2 1 0 0 0 0 0 1
1 2 2 0 4 0 4 0 0
1 2 2 2 0 0 1 1 1
0 0 2 0 0 0 0 0 0
1 2 2 0 0 0 1 1 0
0 0 2 0 0 2 1 1 0
1 2 2 1 0 0 0 0 1
1 1 2 0 0 0 0 0 0
1 2 2 0 0 0 1 3 0
0 0 2 0 0 0 0 0 0
1 2 2 0 0 0 0 1 0
1 2 2 0 50 50 50 50 0
1 3 2 2 0 0 0 0 1
1 2 2 0 0 0 0 0 0
1 2 2 3 0 0 0 2 1
1 2 2 2 0 0 0 0 1
1 2 2 0 0 0 0 0 0
0 0 2 0 0 0 0 0 0
1 2 2 0 0 0 0 0 1
1 2 2 0 0 0 0 0 0
1 2 2 0 0 0 0 0 0
1 2 2 0 0 0 2 1 0
1 2 2 1 0 0 1 2 1
1 2 2 2 0 0 0 2 0
1 2 2 2 0 0 0 0 0
1 2 2 3 0 0 0 0 1
1 2 1 0 0 0 0 0 0
1 2 2 0 0 0 0 0 0
1 2 2 4 0 0 1 0 1
1 2 2 0 0 0 0 0 0
1 2 2 0 0 0 0 0 0
1 2 2 0 0 0 0 0 0
1 2 2 1 0 0 0 0 1
1 2 2 2 0 0 0 0 0
1 2 2 0 0 0 0 0 0
1 2 1 2 0 0 0 0 1
1 2 2 1 0 0 0 1 1
1 2 2 0 0 0 0 0 0
1 2 2 1 1 0 26 3 0
1 2 2 1 0 0 0 0 0
1 2 2 1 0 0 0 3 1
1 2 2 1 0 0 0 0 1
1 2 2 1 0 0 0 2 1
1 2 2 1 0 0 0 0 0
1 2 2 0 0 0 0 0 0
1 2 2 0 0 0 0 0 0
1 2 2 1 16 0 1 16 1
1 2 2 0 0 0 0 0 0
1 2 2 0 0 0 0 0 0
1 2 2 0 0 0 0 0 0
1 2 2 0 50 50 50 50 1
1 2 2 0 2 0 34 6 1
1 2 2 0 0 0 0 0 0
1 2 2 2 0 0 0 0 1
1 2 2 1 0 0 1 1 0
1 2 2 0 50 50 50 50 0
1 2 2 2 0 0 0 1 1
1 2 2 0 50 50 50 50 0
1 2 2 0 5 0 0 4 1
1 2 1 0 0 1 1 0 0
1 2 2 2 0 0 0 0 1
1 2 2 1 0 0 0 0 1
0 0 1 0 0 0 0 0 0
1 2 2 2 0 0 0 0 1
1 1 2 0 1 0 0 0 0
1 2 1 1 0 0 0 1 1
1 2 2 2 0 0 0 1 1
1 1 2 0 0 0 0 2 0
1 2 2 2 0 0 0 4 0
1 2 2 1 45 1 2 2 0
1 2 2 0 50 50 50 50 0
1 1 2 0 0 0 0 8 0
1 2 2 2 2 0 0 1 1
1 2 2 1 21 0 1 0 0
1 2 2 0 2 0 0 0 1
1 2 2 1 1 0 0 0 0
1 2 2 0 0 0 0 0 0
1 2 2 0 50 50 50 50 0
1 2 2 1 0 0 1 1 1
1 2 2 0 1 0 1 0 1
1 2 2 0 1 0 0 1 1
1 1 2 0 0 0 0 0 0
1 2 2 1 0 0 0 1 1
1 2 2 0 3 1 8 38 0
1 2 2 0 2 0 0 0 1
1 2 0 1 0 0 0 0 1
1 2 2 1 0 0 0 0 1
1 1 2 0 0 0 0 0 0
1 2 2 0 0 0 0 0 1
1 2 2 2 0 0 0 0 0
1 2 2 1 0 0 1 1 1
1 2 2 2 1 0 1 0 1
1 2 2 0 0 0 2 0 0
0 0 0 0 0 0 0 2 0
1 2 2 0 0 0 0 3 0
1 2 0 1 0 0 0 0 1
1 2 2 0 1 0 1 0 1
1 2 0 1 0 0 0 1 0
1 2 2 2 0 0 0 0 1
1 2 2 1 0 0 0 0 0
1 2 2 0 0 0 1 1 0
1 2 2 0 1 2 0 0 0
1 2 2 0 0 0 0 0 0
1 2 2 0 0 0 0 0 1
1 2 2 0 50 50 50 50 1
1 1 2 0 0 0 0 0 0
1 2 2 0 0 0 0 0 0
1 2 2 1 1 0 0 0 1
1 2 2 4 0 0 0 1 1
1 2 2 0 0 0 0 0 1
1 2 2 0 0 0 0 0 0
1 2 2 0 0 0 0 0 0
1 2 2 0 0 0 0 0 0
1 2 2 0 0 0 5 0 0
1 1 2 0 0 0 0 0 0
1 2 2 0 1 0 1 1 0
1 3 2 1 0 0 0 0 1
1 2 2 0 35 0 0 0 0
0 0 1 0 0 0 0 2 0
1 2 1 0 0 0 0 3 0
1 2 2 2 0 0 0 1 1
1 1 2 0 50 50 50 50 0
1 2 2 0 50 50 50 50 0
1 2 2 0 0 0 0 0 0
1 2 2 1 0 0 0 0 0
1 1 2 0 1 0 1 0 0
1 2 1 0 1 0 0 0 0
0 0 1 0 0 0 25 19 0
0 0 1 0 1 0 9 2 0
1 1 1 0 0 0 0 0 0
1 1 1 0 0 0 0 0 0
1 1 2 0 0 0 0 0 0
1 1 2 0 0 0 0 1 0
1 2 2 0 50 50 50 50 0
1 2 2 3 0 0 0 2 1
1 2 2 1 2 0 2 0 0
1 1 2 0 0 0 0 0 0
1 2 2 0 0 0 0 0 0
1 1 2 0 0 0 0 1 0
1 1 2 0 0 0 0 1 0
1 1 2 0 9 0 0 0 0
0 0 0 0 0 0 0 1 0
1 1 2 0 0 0 0 0 0
1 1 1 0 0 0 0 0 0
1 2 2 1 0 0 0 0 0
1 1 2 0 0 0 0 0 0
0 0 2 0 0 0 0 0 0
1 2 2 1 0 0 0 0 1
1 1 2 0 0 0 0 0 0
1 2 2 4 0 0 0 0 1
1 2 2 0 0 0 0 0 0
1 1 2 0 50 50 50 50 0
1 1 2 0 50 50 50 50 0
1 1 2 0 0 0 0 0 0
1 1 2 0 0 0 0 0 0
1 2 2 1 0 0 0 0 1
1 2 2 0 17 0 19 1 0
1 2 2 0 5 0 3 1 1
1 2 2 0 0 0 0 0 1
1 1 2 0 0 0 0 0 0
1 1 2 1 1 0 0 0 0
1 2 2 0 0 0 0 0 0
1 2 2 2 0 0 0 1 1
1 2 2 0 0 0 0 0 0
1 2 2 1 0 0 0 0 1
1 2 2 2 0 0 0 0 0
1 2 2 0 0 0 0 0 0
1 2 2 0 0 0 0 0 1
1 2 2 0 0 0 0 0 0
1 2 2 0 1 0 1 0 0
1 2 2 2 0 0 0 5 0
1 1 2 0 0 0 0 7 0
1 2 2 0 0 0 0 0 0
1 3 2 0 0 0 0 0 0
1 2 2 0 0 0 0 0 0
1 2 2 1 0 0 0 0 0
1 2 2 0 0 0 2 1 1
1 2 2 1 0 0 0 1 0
1 2 2 0 0 0 23 3 0
1 2 2 0 0 0 0 0 0
1 2 2 1 0 0 0 0 0
1 2 2 0 50 50 50 50 0
1 2 2 0 50 50 50 50 0
1 2 2 2 6 2 2 2 0
1 2 2 2 0 0 0 0 1
1 2 2 1 0 0 0 0 0
1 2 2 0 0 0 0 0 1
1 2 2 1 9 0 1 1 0
1 2 2 0 5 0 4 0 0
1 2 2 0 0 0 0 5 0
1 2 2 0 0 0 0 0 0
1 2 2 0 0 0 0 0 0
1 3 2 0 0 0 0 0 0
1 3 2 1 1 0 0 0 1
1 3 2 0 0 0 0 0 0
1 3 2 0 50 50 50 50 0
1 3 2 0 0 0 0 0 0
1 2 2 3 0 0 0 0 0
1 3 2 0 0 0 0 4 0
1 3 2 1 0 0 1 0 1
1 3 2 0 50 50 50 50 0
1 3 0 0 0 0 0 0 0
1 3 0 0 0 0 0 1 0
0 0 2 0 50 50 50 50 0
1 3 2 0 0 0 1 1 0
1 3 2 1 1 0 0 1 1
1 3 2 0 50 50 50 50 0
1 3 2 0 0 0 0 0 0
1 2 2 0 50 50 50 50 1
1 1 2 0 0 0 0 3 0
1 1 2 0 0 0 0 0 0
1 1 1 0 0 0 0 0 0
1 2 2 0 0 0 0 0 0
1 2 1 0 0 0 0 1 0
0 0 1 0 0 0 10 0 0
1 1 2 0 0 0 0 1 0
1 1 2 0 0 0 0 0 0
1 2 2 1 0 0 1 0 0
1 1 2 0 50 50 50 50 0
1 1 2 0 0 0 0 0 0
1 2 2 2 0 0 0 3 1
1 1 2 0 1 1 1 0 0
1 2 2 0 50 50 50 50 0
1 2 1 0 0 0 0 0 0
1 1 2 0 0 0 0 2 0
1 1 1 0 50 50 50 50 0
1 1 0 0 0 0 0 0 0
1 2 2 0 50 50 50 50 0
1 2 2 0 0 0 0 0 0
1 1 2 0 0 0 0 0 0
1 2 2 0 50 50 50 50 0
1 1 2 0 50 50 50 50 0
1 2 2 0 0 0 0 0 0
1 2 2 0 50 50 50 50 0
1 2 2 0 2 0 0 3 1
1 1 2 0 50 50 50 50 0
1 2 2 0 50 50 50 50 0
1 2 2 0 1 0 0 0 0
1 1 2 0 1 0 0 1 0
1 1 2 0 50 50 50 50 0
1 2 2 0 0 0 0 0 0
1 1 2 0 0 0 1 0 0
1 2 0 0 50 50 50 50 0
1 2 2 0 0 0 0 1 0
1 2 2 0 0 0 0 0 0
1 2 2 0 50 50 50 50 0
1 2 2 0 0 0 0 0 0
1 1 2 0 1 0 0 0 0
1 1 2 0 0 0 6 6 0
1 2 2 0 50 50 50 50 0
1 2 2 0 0 0 5 0 0
1 2 2 0 2 2 0 1 0
1 2 2 0 0 0 0 0 0
1 1 2 0 3 0 1 1 0
1 2 2 0 0 0 0 0 0
1 2 2 0 50 50 50 50 0
1 1 2 0 0 0 0 1 0
1 1 2 0 0 0 0 0 0
1 1 2 0 0 0 0 0 0
1 1 2 0 50 50 50 50 0
1 2 2 0 0 0 0 0 0
1 1 0 0 1 1 0 1 0
1 2 2 0 0 0 0 0 0
1 2 2 1 2 1 1 0 0
1 2 1 2 0 0 2 0 0
1 2 2 0 7 0 0 1 1
1 1 2 0 1 0 1 0 0
1 2 2 0 0 0 0 1 0
1 1 2 0 0 0 0 0 0
1 2 2 3 0 0 0 0 1
1 2 2 1 3 0 0 2 0
1 1 2 0 0 0 0 0 0
1 2 2 0 8 0 0 0 1
1 2 2 0 2 0 0 0 0
1 2 2 0 50 50 50 50 0
1 2 2 0 0 1 0 1 0
1 2 2 0 0 0 1 5 1
1 2 2 2 0 0 0 0 1
0 0 1 0 0 0 1 0 0
1 2 2 0 0 0 0 1 0
1 1 2 0 0 0 0 1 0
1 2 2 0 0 0 0 0 0
1 2 2 0 0 0 0 0 1
1 1 2 0 0 0 0 0 0
1 2 2 3 0 0 0 0 1
1 1 2 1 50 50 50 50 0
1 1 2 0 0 0 0 0 0
1 2 2 0 0 0 0 0 0
1 2 2 1 0 0 0 0 0
1 2 2 0 0 0 0 0 1
1 2 2 0 50 50 50 50 0
1 2 2 0 50 50 50 50 0
1 2 2 1 0 0 45 5 0
1 2 2 0 50 50 50 50 0
1 2 2 0 0 0 0 0 0
1 1 2 0 1 0 1 3 0
1 2 2 0 0 0 0 0 1
1 2 2 1 0 1 2 0 0
1 2 2 3 2 1 0 2 0
1 2 2 4 0 0 0 0 1
1 1 2 0 0 0 1 0 0
1 2 2 0 0 0 0 0 0
1 2 2 1 0 0 0 0 0
1 1 0 0 0 1 1 1 0
1 2 2 1 0 0 0 0 0
1 2 0 0 0 0 2 0 0
1 2 2 4 0 0 0 0 1
1 2 2 1 0 1 0 0 1
1 2 0 2 1 0 0 1 1
1 2 2 0 0 0 0 0 0
1 2 2 0 0 0 0 1 0
1 2 0 0 0 0 0 1 0
1 1 2 0 0 0 0 2 0
1 2 2 3 0 0 0 1 1
1 2 2 2 0 0 0 0 0
1 2 2 2 0 0 0 0 1
1 2 0 0 0 0 0 0 1
1 2 2 4 0 0 0 0 1
1 2 2 0 0 0 0 0 1
1 2 0 0 33 0 4 13 0
1 2 2 0 50 50 50 50 0
1 2 2 2 3 0 0 7 0
1 2 2 2 0 0 0 0 1
1 2 0 1 1 0 0 0 0
1 2 2 0 2 0 1 1 0
0 0 2 1 0 0 1 1 0
1 2 2 2 0 0 0 0 0
1 2 2 0 0 0 1 0 1
1 2 0 2 0 1 0 1 1
1 2 2 0 3 0 0 0 0
0 0 2 1 0 1 0 1 0
1 2 2 2 0 0 0 0 0
1 1 1 0 0 0 0 4 0
1 2 0 2 0 0 0 0 1
1 1 2 0 0 0 0 0 0
1 2 2 1 0 0 0 0 1
1 2 2 0 0 0 0 0 0
1 2 1 1 0 0 0 0 0
1 2 2 2 0 2 0 0 1
1 2 2 1 1 0 0 1 0
1 2 2 0 0 0 5 1 0
1 1 2 0 0 0 1 9 0
1 2 2 0 0 0 0 0 0
1 2 2 0 0 0 0 0 0
1 2 2 0 3 0 0 1 0
1 2 2 0 1 0 0 0 0
1 2 2 0 0 0 0 0 0
1 2 2 0 0 0 0 1 1
1 1 2 0 0 0 0 0 0
1 2 2 1 50 50 50 50 1
1 1 2 0 0 0 0 0 0
1 2 2 0 0 0 0 0 0
1 2 2 0 0 0 0 0 0
1 2 2 0 0 1 0 0 0
1 2 2 2 1 0 0 0 1
1 1 2 0 3 0 0 0 0
1 1 2 0 0 0 0 0 0
1 2 2 0 0 0 0 0 0
1 1 2 0 2 0 0 0 0
1 2 2 0 2 0 0 2 1
1 1 2 0 0 0 0 4 0
1 2 2 0 3 0 1 0 0
1 2 2 2 0 0 0 0 1
1 1 2 0 0 0 0 1 0
1 2 2 0 0 0 0 0 0
1 2 2 2 1 0 4 3 1
1 2 2 2 1 0 0 1 0
1 1 2 0 1 0 0 0 0
1 1 2 0 0 0 0 0 0
1 2 2 2 5 0 0 0 0
1 2 2 1 0 0 0 0 0
1 2 2 0 0 0 0 0 1
1 2 2 0 0 0 0 0 0
1 2 2 2 1 0 2 1 0
1 2 2 0 50 50 50 50 0
1 2 2 2 0 0 0 0 1
1 2 2 1 0 0 1 0 1
1 2 2 0 5 14 17 3 0
1 2 2 0 0 0 0 0 0
1 2 2 0 0 0 0 0 0
1 2 2 0 0 0 0 0 0
1 2 2 1 0 0 0 0 0
1 2 2 2 0 0 0 0 1
1 1 2 0 1 0 0 0 0
1 2 2 1 0 0 0 1 0
1 2 2 0 50 50 50 50 0
1 1 2 0 0 0 2 5 0
1 2 2 0 50 50 50 50 0
1 2 2 1 0 0 0 5 1
1 2 2 1 50 50 50 50 0
1 2 2 3 0 0 1 0 1
1 2 2 0 50 50 50 50 0
0 0 1 0 0 0 0 0 0
0 0 2 0 0 0 1 8 0
1 2 2 0 0 0 1 1 1
1 2 2 0 0 0 0 0 0
1 2 0 0 0 0 0 0 0
1 1 2 0 0 0 0 0 0
1 1 2 0 0 0 0 0 0
1 2 2 1 0 0 12 2 0
1 2 2 0 0 0 0 0 0
1 1 2 0 0 0 0 0 0
1 1 2 0 0 0 0 0 0
0 0 2 0 0 0 0 0 0
0 0 2 0 50 50 50 50 0
1 1 2 0 0 0 0 0 0
1 1 2 0 0 0 0 0 0
1 1 2 0 0 0 0 1 0
0 0 2 0 0 0 0 0 0
1 2 2 0 0 0 0 0 0
1 2 2 1 0 0 0 0 1
1 2 2 1 0 0 3 0 0
1 2 2 0 0 0 0 0 0
1 1 2 0 0 0 0 5 0
1 1 2 0 1 0 0 3 0
1 2 2 3 0 0 0 0 1
1 2 2 1 0 0 0 0 1
1 2 2 1 0 0 0 0 1
1 2 2 1 0 0 0 0 0
1 2 2 1 0 0 0 0 0
1 2 2 2 0 0 0 0 1
1 2 2 0 0 0 0 0 0
1 2 2 1 0 0 0 0 1
0 0 2 0 0 0 0 0 0
1 2 2 2 0 0 0 0 1
1 2 2 1 0 0 0 1 0
1 2 2 0 0 0 7 0 1
1 2 2 1 1 0 0 1 1
1 2 2 0 50 50 50 50 0
1 2 2 0 0 0 0 0 0
1 2 2 2 2 0 0 1 1
1 2 2 1 0 0 1 0 0
0 0 2 0 50 50 50 50 0
1 2 2 2 0 0 0 0 1
1 1 2 1 0 0 0 11 0
1 2 2 0 0 0 0 0 0
1 2 2 3 0 0 0 0 0
1 2 2 2 0 0 0 0 0
0 0 1 0 0 0 0 0 0
1 2 1 0 50 50 50 50 0
1 1 2 0 0 0 1 0 0
1 2 2 1 1 0 0 0 1
1 1 2 0 0 0 0 0 0
1 2 2 1 0 0 1 2 1
1 2 2 1 0 0 0 0 0
1 2 2 0 50 50 50 50 0
1 2 2 1 0 0 0 0 0
1 2 2 1 0 0 0 0 1
1 2 2 3 0 1 1 1 1
1 2 2 0 0 0 0 0 0
1 2 2 3 0 0 0 0 1
1 2 2 2 0 0 0 0 0
1 2 2 3 0 0 0 0 1
1 2 2 1 0 1 2 0 1
1 2 2 1 0 0 0 0 1
1 2 2 0 0 0 0 0 0
1 2 2 2 0 0 0 0 0
1 2 2 2 0 0 0 0 1
1 2 2 1 0 0 2 0 1
1 2 2 1 0 0 0 1 1
1 2 2 1 0 0 0 4 1
1 2 2 1 1 0 2 0 1
1 2 2 0 50 50 50 50 0
1 2 2 1 0 0 0 0 1
1 2 2 2 50 50 50 50 1
1 2 2 1 0 0 1 0 1
1 2 2 1 50 50 50 50 0
1 2 2 1 1 0 1 1 0
1 2 2 0 0 0 0 7 0
1 2 2 2 0 0 0 0 1
1 2 2 0 4 1 13 1 0
1 2 2 0 0 1 0 0 0
1 1 2 0 50 50 50 50 0
1 2 2 0 0 0 0 0 0
1 1 2 0 0 1 0 0 0
1 2 2 4 0 0 0 0 1
1 2 2 0 50 50 50 50 0
0 0 0 0 50 50 50 50 0
1 2 2 2 2 1 4 1 0
1 2 2 2 0 2 0 0 1
1 1 2 0 1 0 0 2 0
1 2 2 0 0 0 0 0 0
1 2 2 0 0 0 0 0 0
1 1 2 0 50 50 50 50 0
1 2 2 0 1 0 0 5 0
1 2 2 3 2 0 5 1 0
1 2 2 0 1 0 0 1 0
1 2 2 0 13 2 2 0 0
1 1 2 0 0 0 0 0 0
1 2 2 1 50 50 50 50 0
1 2 2 1 0 0 0 0 1
1 2 2 0 1 0 20 1 0
1 2 2 1 0 0 0 1 0
1 2 2 0 0 2 0 2 1
1 2 2 0 50 50 50 50 1
1 2 2 0 0 0 0 0 1
1 2 2 1 0 0 0 1 1
1 2 2 1 5 0 1 2 0
1 2 2 0 50 50 50 50 0
1 1 2 0 2 0 0 1 0
1 2 2 0 0 0 0 0 0
1 2 2 0 0 0 1 3 0
1 2 2 0 50 50 50 50 0
1 2 2 0 50 50 50 50 0
1 2 2 0 0 0 0 0 0
0 0 1 0 0 0 0 1 0
1 2 2 0 50 50 50 50 0
1 2 2 0 50 50 50 50 0
1 1 2 0 0 0 0 0 0
1 2 2 0 0 0 0 0 0
1 2 2 0 0 0 0 0 0
0 0 2 0 0 0 0 0 0
1 1 2 0 0 0 0 0 0
1 2 2 0 0 0 0 0 1
1 2 2 0 4 0 1 6 0
0 0 2 0 0 0 0 0 0
1 1 0 0 0 1 2 4 0
1 1 2 0 50 50 50 50 0
1 2 2 0 0 0 0 0 0
1 2 2 0 0 0 0 0 0
1 2 2 0 0 0 0 1 0
1 1 2 0 50 50 50 50 0
1 2 2 0 0 0 0 0 0
1 2 2 0 0 0 0 0 1
1 2 2 0 0 0 0 0 0
1 1 2 0 0 0 0 0 0
1 1 2 0 50 50 50 50 0
1 2 2 2 0 0 0 0 0
0 0 1 0 1 0 2 2 0
0 0 2 0 1 0 0 0 0
0 0 2 0 0 0 0 0 0
0 0 2 0 0 0 0 0 0
1 2 2 0 0 0 0 0 0
0 0 2 0 0 0 0 1 0
1 2 2 0 0 1 0 0 0
1 1 1 0 50 50 50 50 0
1 2 2 0 0 0 0 0 0
1 2 2 0 0 0 0 0 0
1 1 2 0 0 0 0 0 0
1 2 2 0 0 0 0 0 0
1 2 2 1 0 0 0 0 0
0 0 2 0 0 0 0 0 0
1 2 2 0 50 50 50 50 0
1 2 2 0 0 0 0 0 0
1 3 2 0 0 0 0 0 0
1 2 2 1 0 0 0 1 1
1 2 2 0 50 50 50 50 0
1 2 2 0 4 0 2 2 1
0 0 2 0 0 0 0 0 0
1 1 2 0 50 50 50 50 0
1 2 2 0 2 0 2 2 1
1 2 2 0 0 0 0 0 0
1 2 2 1 0 0 0 0 1
1 2 2 0 50 50 50 50 0
0 0 1 0 0 0 0 0 0
1 2 2 0 0 0 0 0 0
1 2 2 0 50 50 50 50 0
1 2 2 0 0 0 0 0 1
1 2 2 0 0 0 0 0 0
0 0 2 0 0 0 0 0 0
1 2 2 0 0 0 0 0 0
1 1 2 0 0 0 1 5 0
1 1 2 0 1 0 1 1 0
1 2 2 0 50 50 50 50 0
1 1 2 0 50 50 50 50 0
1 2 2 0 0 0 0 0 0
0 0 2 0 0 0 0 0 0
1 2 2 0 0 0 0 1 1
1 2 2 0 0 0 0 0 0
1 1 2 0 0 0 0 9 0
1 2 2 0 50 50 50 50 0
1 2 2 0 0 0 0 0 0
1 1 2 0 1 0 1 1 0
1 2 2 0 0 0 0 2 0
1 1 2 0 0 0 0 0 0
1 2 2 0 50 50 50 50 0
1 2 2 0 0 0 0 0 0
1 1 2 0 50 50 50 50 0
1 1 2 0 4 1 3 1 0
0 0 2 0 0 0 0 0 0
1 2 2 0 0 0 0 0 0
1 1 2 0 50 50 50 50 0
1 2 2 0 50 50 50 50 0
1 1 2 0 0 0 0 0 0
1 1 2 0 50 50 50 50 0
1 2 2 0 0 0 0 0 0
1 2 2 0 0 0 0 0 0
1 2 2 0 8 0 5 14 0
0 0 2 0 0 0 0 0 0
1 2 2 0 50 50 50 50 0
1 2 2 0 0 0 0 0 0
1 1 2 0 0 0 3 0 0
1 1 2 0 0 0 0 0 0
1 1 2 0 0 0 0 0 0
1 2 2 0 1 1 8 40 0
1 1 2 0 50 50 50 50 0
1 2 2 0 50 50 50 50 0
1 1 2 0 0 0 0 0 0
1 1 2 0 0 0 0 1 0
0 0 1 0 0 0 0 0 0
1 1 2 0 1 2 3 5 0
1 2 2 0 0 0 0 0 0
1 2 2 1 0 0 0 1 0
1 1 2 0 50 50 50 50 0
1 2 2 1 3 0 6 4 0
1 2 2 0 0 0 0 0 0
0 0 1 0 50 50 50 50 0
1 2 2 0 50 50 50 50 0
1 1 2 0 0 0 0 0 0
0 0 2 0 0 0 0 0 0
1 1 2 0 0 0 0 0 0
1 1 2 0 1 0 0 0 0
1 1 2 0 0 0 0 0 0
1 1 2 0 0 0 0 1 0
1 1 0 0 50 50 50 50 0
1 2 1 0 0 0 1 0 1
1 2 2 0 50 50 50 50 0
1 1 1 0 0 0 0 0 0
1 1 2 0 0 0 0 2 0
1 2 2 0 0 0 0 2 0
1 2 2 0 50 50 50 50 0
1 2 2 0 9 0 0 1 0
1 2 1 0 0 0 0 0 0
0 0 1 0 0 0 0 8 0
1 1 2 0 50 50 50 50 0
1 2 2 0 0 0 0 0 0
0 0 1 0 0 0 4 1 0
0 0 0 0 0 0 0 2 0
1 1 2 0 0 0 0 0 0
1 1 2 0 0 0 0 0 0
1 1 2 0 0 0 0 4 0
1 2 0 0 50 50 50 50 0
1 1 1 0 50 50 50 50 0
1 2 2 0 50 50 50 50 0
1 2 2 0 0 0 0 0 0
1 2 2 0 0 0 0 1 0
0 0 2 0 0 0 0 1 0
1 2 2 0 0 0 0 0 0
0 0 1 0 0 0 0 0 0
1 2 1 0 0 0 0 0 0
1 2 2 0 2 0 0 0 0
1 2 2 0 50 50 50 50 0
1 2 2 0 0 0 0 0 0
1 1 2 0 50 50 50 50 0
0 0 1 0 0 0 0 1 0
1 2 2 2 6 2 2 2 0
0 0 1 0 0 0 0 0 0
1 1 2 0 1 0 0 0 0
1 2 2 2 0 0 0 0 1
0 0 2 0 0 0 0 0 0
1 2 1 0 0 0 0 0 0
1 1 2 0 0 0 1 0 0
1 2 2 0 0 0 0 0 1
1 2 2 0 50 50 50 50 0
0 0 1 0 50 50 50 50 0
0 0 2 0 0 0 0 3 0
1 2 2 0 50 50 50 50 0
1 1 2 0 0 0 0 0 0
0 0 2 0 50 50 50 50 0
1 1 2 0 0 0 0 3 0
1 2 2 0 0 0 1 1 0
1 1 2 0 50 50 50 50 0
0 0 2 0 0 0 0 0 0
1 1 2 0 0 0 0 1 0
1 1 2 0 0 0 0 0 0
0 0 0 0 50 50 50 50 0
1 1 2 1 2 1 3 0 0
1 1 2 0 0 0 0 0 0
1 1 2 0 50 50 50 50 0
1 1 2 0 50 50 50 50 0
1 1 2 0 50 50 50 50 0
1 2 2 0 0 0 0 0 0
0 0 2 0 0 0 0 0 0
1 1 2 0 1 0 2 1 0
1 2 2 0 0 0 0 0 0
1 2 2 0 0 0 0 0 0
1 2 2 0 0 0 1 0 0
1 2 2 0 50 50 50 50 0
1 1 1 0 50 50 50 50 0
1 1 2 0 0 0 0 0 0
1 2 2 0 0 0 0 0 0
1 1 2 0 2 0 0 0 0
1 2 1 0 2 0 6 32 0
1 2 2 1 0 0 0 2 1
1 1 2 0 0 0 0 0 0
1 1 1 0 0 0 0 0 0
1 2 2 0 0 0 0 0 0
1 2 2 0 50 50 50 50 1
1 1 2 0 0 0 0 0 0
1 2 2 0 50 50 50 50 0
1 2 2 0 50 50 50 50 0
1 2 2 0 0 0 1 1 0
1 2 2 0 0 0 0 0 0
0 0 2 0 50 50 50 50 0
1 2 2 2 1 0 1 1 0
1 1 1 0 0 0 4 0 0
0 0 2 0 0 0 0 0 0
1 2 2 0 50 50 50 50 0
1 1 2 0 50 50 50 50 0
1 2 1 0 0 0 0 0 0
1 2 2 0 50 50 50 50 0
1 2 2 0 50 50 50 50 0
1 2 1 0 50 50 50 50 0
1 2 2 0 0 0 0 0 0
1 2 2 0 11 0 1 0 0
1 1 2 0 50 50 50 50 0
1 1 2 0 50 50 50 50 0
1 1 2 0 0 0 0 0 0
1 2 2 0 0 0 0 4 0
1 1 2 0 0 0 0 0 0
0 0 2 0 0 0 0 0 0
1 2 2 2 0 0 0 0 1
0 0 2 0 50 50 50 50 0
1 2 2 0 50 50 50 50 0
1 2 2 0 0 0 0 0 0
0 0 2 0 0 0 0 3 0
1 2 2 0 0 0 0 0 0
0 0 2 0 0 0 0 0 0
1 2 2 0 0 0 0 0 0
1 1 2 0 0 0 0 0 0
0 0 2 0 1 0 0 0 0
1 2 2 0 0 0 0 0 0
1 2 2 0 0 0 0 0 0
1 2 2 0 0 0 0 0 0
0 0 2 0 50 50 50 50 0
1 1 2 0 0 0 0 0 0
0 0 2 0 50 50 50 50 0
1 2 2 2 0 0 0 1 1
1 2 2 0 50 50 50 50 0
1 2 2 0 0 0 0 0 0
1 2 2 0 0 0 0 0 0
1 1 2 0 0 0 0 0 0
1 2 2 0 0 0 0 0 0
1 1 2 0 50 50 50 50 0
1 2 2 1 50 50 50 50 0
1 2 2 0 50 50 50 50 1
0 0 1 0 0 0 0 0 0
0 0 2 0 2 0 0 0 0
1 2 1 0 0 0 0 0 0
1 2 2 0 0 0 0 1 1
0 0 1 0 0 0 0 0 0
1 2 2 0 0 0 0 0 0
1 2 2 0 0 0 0 0 0
1 2 2 0 50 50 50 50 0
1 2 2 0 0 0 0 0 0
1 2 2 0 50 50 50 50 0
1 2 1 0 0 0 0 0 0
1 1 2 0 0 0 0 0 0
1 1 2 0 0 0 0 0 0
1 1 2 0 0 0 0 0 0
1 2 2 0 0 0 0 0 0
1 2 2 0 0 0 0 0 0
1 2 2 0 0 0 0 0 0
1 1 2 0 50 50 50 50 0
1 1 2 0 0 5 0 1 0
1 2 2 0 50 50 50 50 0
1 2 1 0 0 0 0 0 0
1 1 2 0 0 0 0 0 0
1 1 2 0 50 50 50 50 0
1 1 2 0 0 0 0 0 0
0 0 2 0 50 50 50 50 0
1 1 2 0 1 0 0 0 0
1 2 2 1 0 0 0 0 0
1 2 2 1 50 50 50 50 0
1 1 2 0 0 0 0 0 0
1 2 2 1 0 0 3 1 0
1 2 2 0 0 0 0 0 0
1 2 2 1 3 0 0 0 0
1 2 2 0 50 50 50 50 0
1 2 2 0 0 0 2 1 1
1 2 2 0 0 0 0 0 0
1 2 2 0 5 0 4 0 0
1 2 2 1 1 1 0 1 0
1 2 2 1 0 0 0 0 0
1 1 2 0 0 0 0 0 0
1 2 1 0 50 50 50 50 0
1 2 2 1 0 0 0 0 0
0 0 2 0 0 0 0 0 0
1 2 2 0 0 0 0 0 0
1 2 2 0 0 0 0 0 0
1 2 2 0 50 50 50 50 0
1 2 2 0 0 0 0 0 0
1 2 2 0 0 0 0 5 1
0 0 2 0 50 50 50 50 0
0 0 2 0 0 0 1 0 0
1 1 2 0 0 0 0 0 0
1 1 2 0 50 50 50 50 0
1 2 1 0 50 50 50 50 0
1 1 2 0 0 0 0 4 0
1 1 2 0 0 0 0 0 0
1 2 2 0 0 0 0 0 0
1 2 2 0 0 0 0 0 0
1 1 2 0 0 0 0 0 0
0 0 1 1 6 0 2 1 0
0 0 2 0 0 0 0 0 0
1 2 2 0 0 0 0 6 0
1 2 2 0 50 50 50 50 0
0 0 1 0 0 0 0 0 0
0 0 1 0 1 0 0 0 0
1 2 2 0 0 0 0 2 0
0 0 1 0 0 0 0 0 0
0 0 2 0 0 0 0 0 0
1 1 2 0 0 0 0 0 0
1 1 2 0 0 0 0 0 0
1 2 2 0 1 0 1 2 0
1 2 2 0 0 0 1 1 0
0 0 2 0 0 0 0 0 0
0 0 2 0 50 50 50 50 0
0 0 2 0 0 0 0 0 0
1 2 2 0 0 0 0 0 0
1 2 2 0 0 0 0 0 0
1 1 2 0 0 0 0 0 0
1 2 2 0 11 0 2 0 1
0 0 1 0 50 50 50 50 0
0 0 1 0 0 0 0 0 0
1 1 2 0 0 0 0 0 0
1 1 2 1 0 0 0 0 0
1 1 2 0 2 1 2 1 0
1 2 2 0 50 50 50 50 0
0 0 2 0 0 0 0 0 0
0 0 2 0 0 0 0 0 0
1 2 2 0 0 0 0 0 0
1 1 1 0 0 0 0 1 0
1 2 2 0 50 50 50 50 1
1 2 2 0 50 50 50 50 0
1 2 2 0 0 0 0 1 0
1 2 2 0 0 0 0 0 0
0 0 1 0 0 0 0 0 0
0 0 0 0 0 0 2 5 0
0 0 1 0 0 0 0 0 0
0 0 1 0 0 0 0 0 1
0 0 1 0 3 1 1 45 0
0 0 0 0 0 0 0 0 1
0 0 1 0 0 0 0 0 0
0 0 1 0 0 0 0 0 0
0 0 1 0 0 28 0 5 0
0 0 1 0 50 50 50 50 1
0 0 1 0 0 1 9 40 0
0 0 1 0 0 1 0 49 1
0 0 1 0 0 0 0 0 0
0 0 1 0 50 50 50 50 0
0 0 1 0 0 0 0 0 0
0 0 1 0 0 0 0 0 1
0 0 1 0 0 0 0 0 0
0 0 1 0 0 15 22 7 0
0 0 1 0 50 50 50 50 0
0 0 1 0 0 0 0 0 0
0 0 1 0 0 0 0 0 0
0 0 1 0 0 0 49 1 0
0 0 1 0 0 0 0 0 0
0 0 1 0 0 0 0 0 1
0 0 1 0 0 0 0 2 1
0 0 1 0 0 0 0 0 1
0 0 1 0 0 0 0 0 1
0 0 1 0 0 0 0 0 0
0 0 1 0 0 0 0 0 0
0 0 1 0 50 50 50 50 0
0 0 1 0 50 50 50 50 0
0 0 1 0 0 0 0 0 0
0 0 1 0 0 0 0 0 0
0 0 1 0 0 0 0 0 0
1 2 1 0 1 0 1 0 1
0 0 1 0 0 0 0 0 1
0 0 1 0 0 0 0 0 1
0 0 1 0 50 50 50 50 0
0 0 1 0 0 0 0 4 0
0 0 1 0 50 50 50 50 0
0 0 1 0 0 0 0 0 1
0 0 1 0 0 0 0 4 0
0 0 1 0 0 0 0 0 1
0 0 1 0 0 0 0 4 0
0 0 1 0 0 2 0 4 0
0 0 1 0 0 0 0 1 0
0 0 1 0 0 0 0 0 0
0 0 1 0 0 0 0 0 0
0 0 1 0 0 0 0 0 0
0 0 1 0 0 0 0 0 0
0 0 1 0 0 0 0 0 0
0 0 1 0 0 0 0 0 0
0 0 1 0 0 0 0 0 0
1 2 2 1 0 0 0 0 1
0 0 0 0 0 0 0 50 0
0 0 1 0 50 50 50 50 0
0 0 1 0 0 0 0 0 0
0 0 1 0 0 0 0 0 0
0 0 0 0 0 0 0 0 0
0 0 1 0 0 0 2 37 1
0 0 1 0 50 50 50 50 0
0 0 1 0 0 0 1 5 1
0 0 0 0 0 0 0 2 0
0 0 1 0 0 0 1 2 1
0 0 0 0 0 0 0 0 1
0 0 2 0 0 0 0 38 1
0 0 1 0 0 0 0 0 0
0 0 1 0 0 0 0 0 0
0 0 1 0 0 0 0 0 0
0 0 1 0 0 0 0 0 0
0 0 1 0 0 0 0 0 0
0 0 1 0 0 0 0 0 0
0 0 1 0 0 0 0 0 1
1 2 2 1 0 0 0 0 1
1 2 2 3 0 0 0 0 1
1 2 2 0 0 2 0 0 1
1 2 2 1 0 0 0 1 0
1 2 2 0 50 50 50 50 0
1 2 2 4 0 0 0 0 1
1 2 2 3 0 0 0 1 1
1 2 2 0 0 1 0 1 0
1 2 2 1 0 0 0 0 0
1 2 2 3 0 0 0 2 1
1 1 2 0 0 0 0 0 0
0 0 2 0 0 0 0 0 0
1 2 2 3 9 0 3 0 1
1 2 2 3 0 0 0 0 1
1 2 2 1 0 0 0 0 1
1 2 2 3 0 0 0 1 1
1 2 2 0 0 0 0 0 0
1 2 2 3 0 0 0 0 1
1 2 1 2 0 0 0 0 1
1 2 0 3 0 0 0 1 1
0 0 1 0 0 0 0 15 0
1 2 2 1 1 0 0 0 1
1 2 2 1 0 0 1 0 1
1 2 2 4 0 0 0 0 1
1 2 2 0 0 0 0 0 1
1 1 2 0 0 0 0 0 0
1 2 2 4 0 0 1 0 1
1 2 2 1 0 0 0 0 0
1 2 2 1 0 0 0 0 1
1 2 2 2 0 0 0 2 1
1 2 2 5 0 2 1 0 1
1 2 2 3 0 0 0 0 1
1 2 0 2 1 0 0 1 1
1 2 2 1 0 0 0 0 1
1 2 2 1 0 0 0 4 0
0 0 2 0 0 0 0 0 0
1 2 2 1 0 0 0 0 1
1 2 2 3 0 0 0 0 1
1 2 2 4 0 0 0 0 1
0 0 2 3 0 0 0 0 0
1 2 2 3 0 0 1 0 1
1 2 1 0 0 0 0 0 1
1 2 2 2 0 0 0 7 1
1 2 2 0 0 0 0 2 0
1 1 1 0 50 50 50 50 0
1 2 2 2 0 0 1 1 1
1 2 2 1 0 1 2 0 1
1 2 2 1 0 0 0 0 0
1 2 2 1 0 0 0 0 0
1 2 2 0 50 50 50 50 0
1 2 2 3 0 0 2 1 1
1 1 2 0 0 0 0 0 0
1 2 2 2 0 0 0 0 1
1 1 2 0 0 0 0 0 0
1 2 2 3 0 0 0 0 0
1 2 2 2 0 0 0 0 1
1 2 2 1 0 0 0 1 1
1 3 2 2 0 0 0 0 1
1 2 2 1 0 0 0 1 0
1 2 2 2 0 0 0 1 1
1 2 2 3 0 0 0 0 1
1 2 2 1 0 0 0 0 1
1 1 0 0 0 0 0 0 0
1 2 2 2 0 0 0 1 1
1 2 2 4 0 0 0 0 1
1 2 2 2 0 0 0 0 1
1 3 2 0 0 0 0 2 0
1 2 2 0 34 0 0 0 1
1 2 2 1 0 0 1 0 1
1 2 2 0 0 0 0 0 0
1 2 2 0 0 0 1 1 1
1 3 0 1 0 0 0 0 0
1 2 2 1 0 0 2 0 1
1 2 2 4 0 0 0 0 1
1 2 0 2 0 0 0 4 0
0 0 0 0 50 50 50 50 0
1 2 2 2 0 0 0 0 1
1 2 2 3 0 0 0 0 1
1 1 2 0 50 50 50 50 0
1 2 2 3 0 0 1 1 1
1 2 2 2 1 0 1 0 1
1 1 2 1 0 0 0 0 0
1 2 2 1 5 0 1 0 1
1 1 2 0 0 3 1 2 0
1 2 2 1 1 0 0 0 1
0 0 1 0 0 0 0 1 0
1 2 2 2 0 0 1 1 1
1 2 2 0 0 0 0 1 0
0 0 1 0 0 0 0 0 0
1 2 1 0 0 0 0 0 1
0 0 2 0 0 1 0 37 0
1 2 2 4 0 0 0 0 1
1 2 2 2 0 0 2 0 1
1 2 2 0 0 0 0 0 0
1 2 2 4 0 0 0 0 1
1 2 2 3 0 0 0 0 1
1 2 2 1 0 0 0 0 1
1 2 2 3 0 0 0 0 1
1 1 2 0 3 0 0 4 0
1 2 2 4 0 0 0 0 1
1 2 2 5 0 0 0 0 1
1 2 2 3 0 0 0 2 0
1 2 2 1 3 0 0 0 0
1 2 0 2 0 0 1 0 0
1 2 2 2 0 0 0 0 1
1 2 2 4 5 0 2 0 1
1 2 2 2 0 0 0 0 1
1 2 2 4 1 2 4 0 1
1 1 2 0 0 0 0 0 0
0 0 1 0 0 0 0 0 1
1 2 2 2 0 0 0 0 1
0 0 1 0 0 0 0 0 0
1 2 2 4 0 0 0 0 1
1 2 2 3 0 0 0 0 1
1 2 2 2 0 0 0 1 1
1 2 2 2 1 0 0 0 1
1 2 2 2 2 0 2 0 1
1 2 2 5 0 0 0 0 1
1 2 2 3 0 0 0 0 1
1 2 2 4 0 0 0 0 0
1 2 2 2 0 0 0 1 1
1 2 2 2 1 0 1 0 1
1 2 2 2 1 0 47 3 1
1 2 2 1 1 0 0 0 1
1 2 2 1 0 0 0 0 1
1 2 2 0 0 0 0 0 0
1 2 2 3 0 0 0 1 1
1 2 2 2 0 0 0 5 1
1 2 2 0 0 0 0 0 1
1 2 2 2 0 0 0 0 1
1 2 2 2 0 2 0 0 1
1 2 2 2 0 0 0 0 1
1 2 2 1 0 0 0 1 0
1 1 2 3 0 0 0 0 1
1 3 2 2 0 0 0 0 1
1 2 2 1 0 0 0 0 0
1 1 2 1 1 0 0 3 0
1 2 2 1 0 0 0 0 1
1 2 2 1 2 0 0 0 0
1 1 2 1 0 0 0 0 0
1 2 2 2 0 0 0 0 0
1 2 2 3 0 0 1 1 1
0 0 1 1 0 0 0 0 1
0 0 1 0 0 0 0 0 0
1 2 2 3 0 0 0 0 1
1 2 2 2 0 0 0 0 1
1 2 2 2 0 0 0 0 1
1 2 2 1 0 0 0 0 1
1 2 2 4 0 0 0 1 1
1 2 2 3 0 0 1 0 1
1 2 2 2 0 0 0 1 1
1 2 2 1 5 0 30 14 0
1 2 2 2 0 0 0 0 1
1 2 2 1 0 0 0 0 1
1 3 2 0 0 0 0 2 0
1 2 2 1 0 0 0 0 1
1 3 2 0 50 50 50 50 0
1 2 0 2 0 0 0 0 0
1 2 2 1 0 0 1 1 1
0 0 1 0 0 1 0 2 0
1 2 2 1 0 0 0 0 0
1 2 2 1 0 0 0 5 0
1 2 2 1 0 0 2 1 1
1 2 2 4 0 0 0 0 1
1 2 2 1 0 0 0 2 1
1 2 2 2 0 0 0 4 1
1 2 2 3 0 0 0 0 1
1 2 2 1 0 0 0 0 1
1 2 2 1 2 0 4 1 1
1 2 2 2 0 0 0 0 0
1 2 2 2 0 0 0 0 1
1 2 2 4 0 0 0 0 1
1 2 1 0 0 0 18 5 1
1 2 2 4 0 0 0 0 1
1 2 2 0 0 0 0 0 0
1 3 2 0 1 0 0 3 0
1 2 2 0 50 50 50 50 0
1 2 2 0 0 0 0 1 0
1 3 2 1 0 0 0 0 1
1 3 2 0 50 50 50 50 0
1 2 2 0 50 50 50 50 0
1 2 2 3 0 2 0 2 1
1 2 2 2 0 0 0 0 0
1 2 2 0 0 0 0 0 0
1 1 2 0 0 0 0 0 0
1 1 2 0 0 0 0 1 0
1 2 2 3 0 0 2 2 0
1 1 2 0 0 0 0 0 0
1 2 2 0 0 0 0 1 0
1 2 2 0 50 50 50 50 0
1 1 2 0 0 0 1 1 0
1 2 2 0 0 0 0 0 1
1 1 2 0 0 0 2 1 0
1 1 2 0 0 0 0 3 0
1 2 2 0 0 0 1 1 0
1 1 2 0 0 0 0 0 0
1 1 2 0 0 0 0 2 0
1 2 2 0 0 0 0 0 0
1 1 2 0 1 0 0 3 0
1 1 2 0 5 0 2 1 0
1 2 2 0 0 1 0 0 0
1 1 2 0 1 0 0 4 0
1 2 2 1 0 0 0 0 1
1 1 2 0 0 0 0 0 0
1 1 2 0 0 0 0 0 0
1 2 2 4 1 2 4 0 1
1 2 2 2 0 0 0 0 1
1 2 2 1 0 0 0 0 1
1 2 2 2 0 0 0 0 1
1 2 2 1 0 0 1 0 1
1 2 2 0 0 0 0 0 1
1 2 2 1 0 0 1 1 1
1 2 2 2 6 0 0 5 1
1 2 2 1 0 1 0 1 1
1 2 2 2 0 0 1 1 1
1 2 2 0 0 0 0 0 1
1 2 2 1 0 0 0 0 1
1 2 2 1 1 0 0 0 1
1 2 2 3 0 0 0 0 1
1 2 2 2 0 0 0 0 1
1 2 0 1 0 0 0 0 1
1 2 2 0 0 0 12 0 1
1 2 2 1 0 0 0 0 1
0 0 1 0 0 0 0 0 1
1 2 2 1 0 0 1 0 1
1 2 2 2 0 0 0 0 1
1 2 2 1 0 0 0 0 1
1 2 2 2 0 0 0 0 1
1 2 2 1 4 0 1 8 1
1 2 2 2 0 0 0 0 1
1 2 2 1 0 0 0 0 1
1 2 2 0 1 0 4 0 1
1 2 2 3 0 0 2 0 1
1 2 2 2 1 0 0 2 1
1 2 2 1 1 0 0 0 1
1 2 2 1 0 0 0 1 1
1 2 1 2 0 0 0 0 1
1 2 2 2 1 0 1 1 1
1 2 2 1 0 0 0 0 1
1 2 2 0 0 0 2 1 1
1 2 1 0 0 0 0 0 1
1 2 2 0 9 0 3 1 1
0 0 2 2 6 0 3 1 1
1 2 2 0 0 0 0 0 1
1 2 2 0 0 0 0 1 1
1 2 2 2 0 1 0 1 1
1 2 2 1 0 0 0 3 1
1 2 2 1 0 0 0 0 1
1 2 2 3 0 0 0 0 1
1 2 2 1 1 0 1 0 1
0 0 2 2 6 0 3 0 1
1 2 2 0 0 0 1 2 1
1 2 2 1 0 0 1 0 1
1 2 2 3 2 0 5 2 1
1 2 2 4 0 0 0 1 1
1 2 2 0 0 0 0 0 1
1 2 2 0 0 0 0 0 1
1 2 2 1 0 0 0 1 1
1 2 2 0 0 0 0 1 1
0 0 2 2 0 0 0 0 1
1 2 2 1 0 0 0 0 1
1 2 2 1 0 0 0 0 1
1 2 2 0 0 0 0 1 1
1 2 2 2 1 1 0 1 1
0 0 2 1 0 0 0 0 1
1 2 2 1 0 0 0 5 1
0 0 2 3 0 0 0 0 1
1 3 2 2 0 0 0 0 1
1 2 2 1 0 0 0 0 1
1 2 2 0 0 0 0 0 1
1 2 2 4 0 0 0 0 1
1 2 2 2 2 1 2 1 1
0 0 2 2 0 0 0 0 1
1 2 2 3 0 0 0 7 1
1 2 2 0 0 0 0 0 1
1 2 2 1 0 0 0 0 1
0 0 2 3 0 0 0 0 1
1 2 2 0 0 0 9 0 1
0 0 1 3 0 0 0 1 1
1 2 2 0 0 0 0 1 1
0 0 1 0 0 0 0 0 1
0 0 1 0 0 0 0 0 1
0 0 1 0 1 0 1 0 1
0 0 1 0 0 0 0 0 1
0 0 1 0 1 0 0 0 1
1 2 2 1 0 0 0 1 1
1 2 2 0 5 0 3 1 1
1 2 2 1 0 0 0 6 1
0 0 2 1 0 0 0 1 1
1 2 2 0 0 0 2 2 1
1 2 2 4 0 0 1 2 1
1 2 2 3 0 1 1 1 1
1 2 2 1 0 0 0 0 1
1 2 2 0 50 50 50 50 1
1 2 2 2 0 0 2 13 1
1 2 2 1 0 0 0 0 1
1 2 2 2 0 0 0 0 1
1 2 2 1 5 0 0 0 1
1 2 2 0 4 0 2 0 1
1 2 2 1 0 0 0 1 1
1 2 2 0 50 50 50 50 1
1 2 2 1 1 0 0 0 1
1 2 2 0 0 0 0 5 1
1 2 2 0 4 0 0 6 1
1 2 2 2 1 1 1 0 1
1 2 2 0 0 0 0 0 1
1 2 2 1 1 0 0 0 1
1 2 2 0 10 0 0 11 1
1 2 2 1 0 0 0 0 1
1 2 2 2 0 0 0 0 1
0 0 2 1 0 0 0 0 1
0 0 2 1 0 0 0 0 1
1 2 2 1 0 0 0 1 1
1 2 2 0 0 0 0 1 1
1 2 2 1 1 1 1 47 1
1 2 2 1 0 0 0 0 1
1 2 2 0 0 0 1 9 1
1 2 2 0 0 0 0 1 1
1 2 2 2 0 0 0 2 1
1 2 2 2 14 0 0 0 1
1 2 2 0 0 0 0 3 1
1 2 2 2 0 0 0 1 1
1 2 2 0 0 0 0 1 1
1 2 2 0 1 1 1 1 1
1 2 2 4 0 0 0 1 1
1 2 2 1 0 0 0 0 1
1 2 2 0 0 0 0 0 1
1 2 2 1 1 0 1 0 1
1 2 2 0 0 0 0 0 1
1 2 1 0 0 0 0 7 1
1 2 2 0 5 0 0 0 1
1 2 2 0 0 0 0 0 1
0 0 2 2 0 0 0 4 1
0 0 2 4 0 0 0 0 1
0 0 2 2 0 0 0 1 1
1 2 2 5 0 0 0 0 1
0 0 2 3 0 1 1 1 1
1 2 2 2 0 2 0 0 1
0 0 2 5 0 0 0 0 1
1 3 2 1 0 0 0 0 1
1 2 2 3 0 0 0 0 1
0 0 0 2 0 0 0 0 1
0 0 2 4 0 0 0 0 1
1 2 2 2 0 2 0 0 1
1 2 2 2 0 0 0 0 1
0 0 2 2 0 0 0 0 1
0 0 2 4 0 0 0 0 1
0 0 0 2 0 0 0 0 1
0 0 2 1 0 0 1 6 1
0 0 2 1 0 0 0 0 1
0 0 2 2 0 0 0 0 1
1 2 2 3 0 0 0 0 1
1 2 2 2 0 0 0 8 1
0 0 2 4 0 0 0 0 1
0 0 2 4 0 0 0 0 1
0 0 2 2 0 0 0 1 1
0 0 2 2 0 0 0 7 1
1 2 2 1 0 0 0 0 1
1 2 2 2 0 0 0 0 1
1 2 2 0 0 0 0 0 1
1 2 2 1 0 0 0 3 1
1 2 2 1 0 0 0 0 1
1 2 2 0 50 50 50 50 1
1 2 2 0 0 0 0 0 1
1 2 2 0 1 0 0 1 1
0 0 2 3 0 2 0 2 1
1 3 2 1 0 0 0 0 1
0 0 2 0 34 0 0 0 1
0 0 2 3 0 0 0 0 1
1 2 2 2 0 0 0 0 1
1 2 2 3 0 1 0 1 1
0 0 2 3 0 0 0 0 1
1 2 2 4 0 0 0 0 1
0 0 2 2 0 0 0 0 1
1 2 2 0 0 0 0 0 1
0 0 2 2 0 0 0 0 1
0 0 1 0 0 0 0 0 1
1 2 2 4 0 0 0 0 1
1 2 2 1 1 0 0 0 1
1 2 2 0 0 0 0 0 1
1 2 2 2 0 0 0 0 1
1 2 2 1 0 0 0 0 1
0 0 2 3 0 1 1 1 1
1 2 2 0 0 0 0 0 1
1 2 2 0 1 0 0 0 1
0 0 2 5 0 0 0 0 1
1 2 2 0 7 0 0 1 1
0 0 2 2 1 0 1 0 1
1 3 2 2 0 0 0 0 1
1 2 2 1 0 0 1 0 1
1 2 2 1 0 0 0 0 1
1 2 2 1 0 0 0 0 1
1 2 2 1 1 0 0 0 1
1 2 2 3 0 0 0 0 1
0 0 2 4 0 0 0 0 1
1 2 2 2 0 0 0 0 1
1 3 2 2 0 0 0 0 1
0 0 2 2 0 0 0 0 1
1 2 2 1 0 0 0 0 1
0 0 2 3 0 0 0 1 1
0 0 2 4 0 0 0 0 1
1 2 2 2 0 0 0 0 1
0 0 2 4 0 0 0 0 1
0 0 2 4 0 0 0 0 1
1 2 1 2 0 0 0 0 1
0 0 2 2 0 0 0 1 1
1 2 2 3 0 0 0 0 1
1 2 2 1 0 0 0 0 1
0 0 2 4 0 0 0 0 1
0 0 2 1 0 0 0 0 1
0 0 2 2 0 0 0 0 1
1 2 2 2 0 0 0 0 1
1 2 2 5 0 0 0 0 1
1 2 2 1 0 0 1 1 1
0 0 2 0 0 0 0 0 1
0 0 2 2 0 0 0 0 1
1 2 2 2 0 1 0 3 1
1 2 1 3 0 0 0 0 1
0 0 2 5 0 0 0 0 1
1 2 2 0 0 0 0 2 1
0 0 2 5 0 2 1 0 1
0 0 2 1 0 0 0 0 1
0 0 2 1 0 0 1 0 1
1 2 2 0 0 0 0 0 1
1 2 2 1 0 0 0 0 1
0 0 2 1 0 0 0 0 1
0 0 2 2 0 0 0 0 1
1 3 2 2 0 0 0 0 1
0 0 2 0 0 0 0 0 1
1 2 2 1 0 0 1 0 1
1 2 2 1 0 0 0 0 1
0 0 2 2 4 0 0 3 1
0 0 2 3 0 0 0 0 1
1 2 2 1 0 0 0 0 1
0 0 1 0 0 0 0 0 1
0 0 2 1 0 0 0 5 1
1 2 2 1 0 0 0 0 1
0 0 2 1 0 0 0 1 1
0 0 2 4 0 0 0 0 1
0 0 2 4 0 0 0 0 1
0 0 1 0 0 0 0 0 1
0 0 2 3 0 0 0 0 1
1 2 2 1 0 0 0 0 1
1 2 2 4 0 0 0 0 1
1 2 2 0 0 0 0 0 1
1 2 2 1 0 0 0 0 1
1 2 2 1 2 0 0 0 1
1 2 2 2 0 0 0 0 1
1 2 2 3 0 0 0 0 1
0 0 2 3 0 0 1 0 1
1 2 2 1 0 0 0 0 1
0 0 2 1 0 1 2 0 1
0 0 2 3 0 0 0 0 1
0 0 2 4 0 0 0 0 1
1 2 2 0 0 0 0 0 1
1 2 2 0 0 0 0 0 1
1 2 2 0 0 0 0 0 1
0 0 2 1 0 0 0 1 1
0 0 2 2 1 0 4 3 1
1 2 2 0 50 50 50 50 1
1 2 2 1 0 0 0 0 1
1 2 1 0 0 0 0 0 1
1 2 2 1 0 0 0 1 1
1 2 2 0 50 50 50 50 1
1 2 2 3 0 0 0 2 1
1 2 2 2 0 0 0 0 1
1 2 2 0 0 0 0 1 1
1 2 2 0 0 1 0 1 1
1 2 2 3 0 0 0 1 1
0 0 2 4 0 0 1 0 1
0 0 2 2 0 0 0 0 1
0 0 2 3 0 0 0 0 1
0 0 1 0 0 0 0 0 1
0 0 1 0 0 0 0 0 1
1 2 2 0 0 0 1 0 1
1 2 2 1 0 0 0 1 1
1 2 2 2 1 0 0 1 1
1 2 2 0 0 0 0 0 1
1 2 2 3 0 0 0 0 1
1 2 2 2 0 0 0 0 1
1 2 1 2 0 0 0 4 1
1 2 2 0 0 0 1 0 1
0 0 2 3 0 0 1 0 1
1 2 2 2 0 0 0 1 1
1 2 2 0 50 50 50 50 1
0 0 2 2 0 0 0 0 1
1 2 2 3 0 0 0 0 1
1 2 2 0 0 0 0 1 1
1 2 2 1 0 1 0 1 1
1 2 2 2 0 0 0 0 1
0 0 1 3 0 0 1 0 1
1 2 2 0 14 2 1 0 1
1 2 2 0 0 0 1 1 1
1 2 1 2 0 0 0 0 1
1 2 2 2 0 0 0 0 1
1 2 2 3 0 0 0 0 1
0 0 2 1 0 0 0 0 1
0 0 2 1 0 0 0 0 1
1 2 2 0 2 0 0 2 1
1 2 2 1 4 1 1 1 1
1 2 2 2 0 0 0 0 1
1 2 2 2 1 0 0 0 1
0 0 2 2 0 0 0 1 1
1 2 2 4 0 0 0 1 1
0 0 2 3 0 0 0 0 1
1 2 2 2 0 0 1 1 1
1 2 2 4 0 0 1 0 1
1 2 1 0 0 0 0 0 1
1 2 2 0 0 1 0 0 1
0 0 2 3 0 0 0 2 1
1 2 2 2 0 0 0 0 1
1 2 2 1 0 0 0 0 1
1 2 1 2 0 0 0 0 1
1 2 2 1 0 0 0 1 1
1 2 2 1 0 0 0 0 1
1 2 2 1 0 0 0 0 1
1 2 2 0 4 0 2 2 1
1 2 2 1 3 0 1 1 1
1 2 2 2 0 0 0 0 1
1 2 2 0 0 0 0 0 1
1 2 2 1 50 50 50 50 1
1 2 2 1 50 50 50 50 1
1 2 2 1 1 0 0 0 1
0 0 2 2 0 0 0 0 1
1 2 2 2 0 0 0 8 1
1 2 2 2 0 0 0 0 1
1 2 2 1 0 0 0 7 1
1 2 2 0 0 0 6 0 1
0 0 2 2 0 0 0 0 1
1 2 2 2 50 50 50 50 1
1 3 2 1 0 0 0 0 1
1 3 2 1 0 0 0 0 1
1 3 2 1 0 0 0 0 1
1 3 2 1 0 0 1 1 1
1 3 2 1 1 0 0 2 1
0 0 2 0 0 0 0 0 1
0 0 2 0 0 0 0 0 1
1 2 2 1 0 0 1 1 1
1 2 2 0 0 0 0 0 1
1 2 1 0 0 0 1 0 1
1 2 2 1 12 0 0 2 1
0 0 2 1 0 0 0 1 1
1 2 2 0 0 0 0 0 1
0 0 2 4 0 0 1 1 1
1 2 0 2 0 0 0 2 1
1 2 2 2 1 0 47 3 1
1 2 2 1 0 0 0 0 1
0 0 2 2 1 1 1 1 1
1 2 2 0 0 0 0 0 1
0 0 2 3 0 0 0 0 1
0 0 2 1 0 0 0 0 1
1 2 2 1 0 0 1 0 1
0 0 2 2 0 0 0 0 1
1 2 2 3 0 0 0 0 1
1 2 2 1 0 1 0 0 1
1 2 2 1 1 0 1 0 1
0 0 2 1 0 0 0 0 1
1 2 2 0 0 0 0 1 1
1 2 2 1 0 0 1 0 1
1 2 2 0 2 0 0 0 1
0 0 2 2 0 0 0 1 1
1 2 2 0 0 0 0 3 1
1 2 2 1 6 7 0 3 1
0 0 1 0 13 0 0 3 1
1 2 2 1 4 0 0 1 1
1 2 2 2 0 2 0 0 1
1 2 2 2 0 0 1 1 1
1 2 2 3 0 0 0 0 1
0 0 2 3 0 0 0 0 1
1 2 2 3 0 0 0 0 1
0 0 2 1 0 0 0 0 1
1 2 2 5 0 0 0 0 1
0 0 2 1 0 0 0 0 1
0 0 2 3 0 0 0 0 1
0 0 1 2 0 0 1 0 1
1 2 2 0 0 0 0 0 1
0 0 2 3 0 0 0 0 1
1 2 2 3 0 1 0 1 1
1 2 2 1 0 0 0 0 1
1 2 2 2 0 0 1 1 1
0 0 2 2 0 0 0 0 1
0 0 2 2 0 0 0 0 1
1 2 2 2 0 0 0 0 1
1 2 2 2 0 0 0 1 1
1 3 2 1 0 0 0 0 1
1 2 2 1 0 0 0 0 1
1 2 2 3 0 0 1 1 1
1 2 2 3 0 0 0 0 1
0 0 2 2 0 0 0 0 1
1 2 2 2 0 0 0 0 1
0 0 2 2 0 1 0 1 1
0 0 2 1 0 0 2 0 1
0 0 2 2 0 0 0 7 1
1 2 2 2 9 0 0 1 1
1 2 2 0 1 0 0 0 1
1 2 2 2 0 0 0 0 1
1 2 2 2 0 0 0 0 1
1 2 2 2 0 0 0 0 1
1 2 2 2 0 0 2 0 1
1 3 2 1 2 0 0 0 1
1 3 2 2 0 0 0 0 1
1 2 2 2 0 0 0 1 1
1 2 2 1 0 0 0 0 1
1 3 2 1 0 0 0 0 1
1 2 2 0 0 0 0 0 1
0 0 2 0 0 0 0 0 1
1 3 2 1 0 0 0 0 1
1 2 2 4 0 0 0 0 1
0 0 2 4 0 0 0 0 1
0 0 2 3 0 0 0 2 1
1 2 2 2 0 0 0 0 1
1 2 2 2 0 0 0 0 1
0 0 2 0 50 50 50 50 1
1 3 2 2 0 0 0 0 1
1 2 2 4 0 0 0 0 1
0 0 1 0 0 0 0 0 1
0 0 1 0 1 0 1 0 1
0 0 1 0 0 0 0 0 1
1 2 2 0 50 50 50 50 1
1 2 2 0 0 0 0 0 1
1 2 2 2 0 0 0 0 1
1 2 2 0 6 0 0 2 1
1 2 2 0 17 0 0 3 1
1 2 2 0 0 0 0 0 1
1 2 1 1 0 0 1 0 1
1 2 2 1 9 0 1 3 1
0 0 2 3 0 0 0 0 1
1 3 2 2 0 0 0 0 1
1 2 2 2 0 0 0 1 1
1 2 2 0 50 50 50 50 1
1 2 2 1 10 0 0 0 1
1 2 1 0 4 0 0 0 1
1 2 2 0 0 0 0 0 1
1 2 2 0 50 50 50 50 1
1 3 2 1 0 0 0 0 1
1 2 2 0 0 0 0 0 1
0 0 2 2 0 0 0 1 1
0 0 2 1 0 0 0 0 1
1 2 2 1 0 0 0 1 1
1 2 2 0 0 0 0 0 1
1 2 2 2 0 0 0 0 1
1 2 2 0 0 0 0 1 1
0 0 2 1 0 0 1 0 1
1 2 2 3 0 0 0 0 1
0 0 2 2 0 0 0 0 1
0 0 2 3 0 0 1 0 1
1 2 2 2 0 0 0 0 1
0 0 2 1 0 1 2 0 1
1 2 2 1 3 1 3 1 1
0 0 2 2 0 1 0 0 1
1 2 2 1 1 0 2 0 1
0 0 2 2 0 0 0 0 1
1 2 2 4 0 0 0 1 1
1 2 2 1 0 0 1 0 1
1 2 2 1 0 0 0 0 1
1 2 2 2 1 0 1 0 1
1 2 2 2 0 0 0 0 1
0 0 2 2 0 0 0 0 1
0 0 2 3 0 0 0 0 1
1 2 2 3 0 0 0 0 1
1 2 2 2 0 0 0 0 1
1 3 2 1 0 0 0 0 1
1 2 2 0 0 0 0 0 1
1 2 2 0 1 0 2 3 1
0 0 2 3 0 0 0 4 1
1 2 2 3 0 0 0 0 1
1 2 2 0 5 0 0 1 1
1 2 2 0 2 0 2 2 1
1 2 2 2 0 0 1 4 1
1 2 2 1 0 0 0 0 1
0 0 2 4 0 0 0 0 1
1 2 2 0 0 0 48 2 1
0 0 2 2 0 0 0 0 1
1 2 2 2 0 0 0 0 1
1 2 2 2 1 0 0 0 1
1 2 2 1 0 0 0 0 1
0 0 1 3 0 0 0 1 1
1 2 2 0 1 1 1 1 1
1 2 2 0 0 0 0 2 1
0 0 1 0 0 0 0 0 1
1 2 2 1 0 0 0 1 1
1 2 2 4 0 0 0 1 1
1 2 2 1 0 0 0 1 1
1 2 2 3 0 0 1 0 1
1 2 2 1 0 0 0 0 1
1 2 2 2 0 0 0 0 1
1 2 2 1 1 0 1 0 1
1 2 2 0 0 0 2 1 1
1 2 2 4 0 0 1 0 1
1 2 2 0 0 0 0 0 1
1 2 2 0 0 0 0 0 1
1 2 2 0 50 50 50 50 1
1 2 2 4 0 0 0 0 1
1 2 2 0 1 0 0 4 1
1 2 2 0 3 0 0 2 1
1 2 2 2 1 0 0 2 1
1 2 2 1 0 0 0 0 1
1 2 2 1 0 0 0 0 1
1 2 2 1 3 0 1 1 1
1 2 2 1 0 0 0 0 1
1 2 2 1 0 0 0 0 1
1 3 2 1 0 0 0 0 1
1 2 2 1 0 0 0 0 1
1 2 2 3 0 0 1 1 1
1 2 2 3 0 0 0 0 1
1 2 2 2 0 0 0 0 1
1 2 2 2 0 0 0 0 1
1 2 2 3 0 0 0 0 1
1 2 2 2 0 0 0 0 1
1 2 2 3 0 0 0 0 1
1 2 2 3 0 0 0 0 1
1 2 2 2 0 0 1 0 1
1 2 2 2 0 0 0 0 1
1 2 2 2 0 0 0 0 1
1 2 2 1 0 0 0 0 1
1 2 2 0 1 0 1 0 1
1 2 2 0 12 11 2 5 1
1 2 2 3 0 0 0 4 1
1 2 2 5 0 0 0 0 1
1 2 2 2 0 0 1 0 1
1 2 2 0 0 0 0 1 1
1 2 2 0 0 0 0 0 1
1 3 2 1 0 0 0 0 1
1 2 2 2 0 0 0 0 1
1 2 2 2 0 0 0 0 1
1 2 2 2 0 0 0 0 1
1 2 2 3 0 0 0 0 1
1 2 2 4 0 0 0 0 1
1 2 2 1 0 0 0 1 1
1 2 2 0 0 0 0 0 1
1 2 2 0 1 0 2 3 1
1 2 2 3 0 0 0 0 1
1 2 2 3 0 0 0 0 1
1 2 2 0 5 0 0 1 1
1 2 1 0 0 0 0 0 1
1 2 2 5 0 2 1 0 1
1 2 2 1 0 0 0 0 1
1 2 2 1 0 0 0 1 1
1 2 2 0 0 0 0 0 1
1 2 2 4 0 0 0 0 1
1 2 2 1 0 0 0 0 1
1 2 1 3 0 0 0 0 1
1 2 2 2 0 0 0 0 1
1 2 2 1 0 0 1 0 1
1 2 2 1 0 0 0 0 1
1 2 2 2 0 0 0 0 1
1 2 2 4 0 0 0 0 1
1 2 2 2 0 1 0 0 1
1 1 2 3 0 0 0 0 1
1 2 2 3 0 0 1 0 1
1 2 2 4 0 0 0 0 1
1 3 2 2 0 0 0 0 1
1 2 2 1 1 1 0 1 1
1 2 2 5 0 0 0 0 1
1 2 2 4 0 0 0 0 1
1 2 2 1 0 0 0 0 1
1 2 2 4 0 0 0 0 1
1 2 2 2 0 0 0 1 1
1 2 2 2 0 0 0 0 1
1 2 2 1 0 0 0 2 1
1 2 2 2 0 0 1 1 1
1 2 2 3 9 0 3 0 1
1 2 2 2 0 0 0 7 1
1 2 2 2 0 0 0 0 1
1 2 2 2 0 0 0 0 1
1 2 2 3 0 0 0 0 1
1 2 2 4 0 0 0 0 1
1 2 2 0 2 0 1 5 1
1 2 2 4 0 0 0 0 1
1 3 2 1 0 0 0 0 1
1 2 1 1 0 0 0 0 1
1 2 2 1 0 1 0 1 1
1 2 2 2 0 0 0 0 1
1 2 2 4 0 0 1 0 1
1 3 2 1 0 0 0 0 1
1 3 2 0 0 0 0 0 1
1 2 2 2 0 0 1 4 1
1 2 2 2 0 0 0 0 1
1 3 2 1 0 0 0 0 1
1 2 2 0 0 0 0 0 1
1 2 2 0 0 1 0 20 1
1 2 2 4 0 0 0 1 1
1 2 2 3 0 0 0 1 1
1 2 2 1 0 0 0 0 1
1 2 2 4 0 0 1 2 1
1 2 2 2 0 0 1 0 1
1 2 2 2 6 0 3 1 1
1 2 2 0 0 0 2 9 1
1 2 2 0 0 0 0 0 1
1 2 2 0 5 0 3 1 1
1 2 2 3 0 0 0 0 1
1 2 2 0 0 0 1 2 1
1 2 2 1 0 0 0 1 1
1 2 2 1 1 0 0 0 1
1 2 2 2 0 0 0 0 1
1 2 2 2 0 0 0 0 1
1 2 2 3 0 1 1 1 1
1 2 2 0 50 50 50 50 1
1 2 2 1 1 0 1 0 1
1 2 2 0 0 0 0 1 1
1 2 2 0 0 0 2 1 1
1 2 2 0 1 0 3 1 1
1 2 2 0 50 50 50 50 1
1 2 2 0 0 0 0 0 1
1 2 2 2 0 0 0 2 1
1 2 2 2 0 0 0 2 1
1 2 2 2 0 0 0 0 1
1 2 2 0 0 0 17 6 1
1 2 2 1 0 0 0 0 1
1 2 2 0 0 0 0 1 1
1 2 2 0 0 0 0 0 1
1 2 2 3 0 0 0 0 1
1 2 2 0 0 0 0 4 1
1 2 2 1 0 0 1 1 1
1 2 2 2 0 0 2 0 1
1 2 2 0 50 50 50 50 1
1 3 2 1 2 0 0 0 1
1 2 2 3 0 0 0 0 1
1 2 2 2 0 0 0 0 1
1 2 2 3 0 0 0 2 1
1 2 2 1 0 0 0 0 1
1 2 2 1 0 0 0 0 1
1 2 2 0 0 0 0 0 1
1 3 2 2 0 0 0 0 1
1 2 2 2 0 0 0 1 1
1 2 2 1 0 0 0 0 1
1 3 2 1 0 0 0 0 1
1 2 2 0 0 0 0 0 1
1 2 2 2 0 0 0 0 1
1 2 2 2 0 0 0 0 1
1 2 2 0 50 50 50 50 1
1 3 2 2 0 0 0 0 1
1 2 2 0 1 0 0 0 1
1 2 2 1 0 0 1 0 1
1 3 2 2 0 0 0 0 1
1 2 2 3 0 0 0 0 1
0 0 1 0 0 0 0 0 1
1 2 1 0 1 0 1 0 1
0 0 1 0 0 0 0 0 1
1 2 2 2 0 0 0 0 1
1 2 2 1 0 0 0 0 1
1 2 2 2 9 0 0 1 1
1 2 2 0 0 0 0 35 1
1 2 2 0 50 50 50 50 1
1 2 2 1 0 0 0 0 1
1 2 2 0 0 0 27 0 1
1 2 2 1 0 0 0 0 1
1 2 2 3 2 0 5 2 1
1 2 2 5 0 0 0 0 1
1 2 2 2 0 0 0 0 1
1 2 2 0 0 0 0 0 1
1 2 2 0 0 0 0 0 1
1 2 2 1 3 0 0 0 1
1 2 2 2 0 0 0 0 1
1 2 2 1 0 0 0 0 1
1 2 2 3 0 0 0 0 1
1 2 2 4 0 0 0 0 1
1 2 2 2 0 0 0 0 1
1 2 1 0 0 0 0 0 1
1 2 2 1 0 0 0 1 1
1 2 2 1 0 0 0 0 1
1 2 2 2 0 0 0 0 1
1 2 2 1 1 0 0 1 1
1 2 2 2 0 0 0 1 1
1 2 1 1 0 0 0 0 1
1 2 2 1 0 0 0 0 1
1 2 2 1 0 0 0 0 1
1 2 2 1 0 0 0 0 1
1 2 2 2 0 0 0 0 1
1 2 2 1 0 0 0 0 1
1 2 2 0 7 0 0 1 1
1 2 2 2 0 0 0 0 1
1 2 2 2 0 0 0 0 1
1 2 0 3 0 0 0 0 1
1 2 2 1 0 6 1 4 1
1 3 2 1 0 0 0 0 1
0 0 2 0 0 0 0 1 1
1 3 2 2 0 0 0 0 1
1 2 1 1 0 0 1 0 1
1 2 2 3 0 0 0 1 1
1 2 2 2 0 0 0 0 1
1 2 2 3 0 0 0 0 1
1 2 2 3 0 0 1 0 1
1 2 1 4 5 0 2 0 1
1 2 2 3 0 0 1 0 1
1 2 2 3 0 0 0 0 1
1 2 2 2 0 0 0 0 1
1 2 2 2 0 0 0 0 1
1 2 2 1 0 0 1 0 1
1 2 1 2 0 0 0 0 1
1 2 2 4 0 0 0 0 1
1 2 2 1 0 0 0 0 1
1 2 2 3 0 0 0 0 1
0 0 1 0 0 0 0 0 1
1 2 2 2 0 0 0 0 1
1 2 2 1 0 0 1 0 1
1 2 2 4 0 0 0 0 1
1 2 2 1 0 0 0 0 1
1 2 2 4 0 0 0 0 1
1 2 2 0 0 0 0 2 1
1 2 2 1 0 0 0 0 1
1 3 2 2 0 0 0 0 1
1 2 2 5 0 0 0 0 1
1 2 2 4 0 0 0 0 1
1 2 2 0 0 0 0 0 1
1 2 2 1 0 0 0 0 1
1 2 2 2 0 0 0 0 1
1 2 2 0 0 0 2 0 1
1 2 2 3 0 0 0 0 1
1 3 2 2 0 0 0 0 1
1 2 2 1 0 0 0 0 1
1 2 2 5 0 0 0 0 1
1 2 2 1 0 0 0 0 1
1 2 2 3 0 0 0 2 1